"S.DRC"	"S.Gambia"	"S.Kenya"	"S.Myanmar"	"S.Tanzania"	"theta_W.pop.1"	"theta_W.pop.2"	"theta_W.pop.3"	"theta_W.pop.4"	"theta_W.pop.5"	"pop.1"	"pop.2"	"pop.3"	"pop.4"	"pop.5"	"pop.1.1"	"pop.2.1"	"pop.3.1"	"pop.4.1"	"pop.5.1"	"position"
NA	NA	NA	NA	NA	NA	NA	NA	NA	NA	NA	NA	NA	NA	NA	NA	NA	NA	NA	NA	5001.5
NA	NA	NA	NA	NA	NA	NA	NA	NA	NA	NA	NA	NA	NA	NA	NA	NA	NA	NA	NA	7501.5
NA	NA	NA	NA	NA	NA	NA	NA	NA	NA	NA	NA	NA	NA	NA	NA	NA	NA	NA	NA	10001.5
NA	NA	NA	NA	NA	NA	NA	NA	NA	NA	NA	NA	NA	NA	NA	NA	NA	NA	NA	NA	12501.5
NA	NA	NA	NA	NA	NA	NA	NA	NA	NA	NA	NA	NA	NA	NA	NA	NA	NA	NA	NA	15001.5
NA	NA	NA	NA	NA	NA	NA	NA	NA	NA	NA	NA	NA	NA	NA	NA	NA	NA	NA	NA	17501.5
NA	NA	NA	NA	NA	NA	NA	NA	NA	NA	NA	NA	NA	NA	NA	NA	NA	NA	NA	NA	20001.5
NA	NA	NA	NA	NA	NA	NA	NA	NA	NA	NA	NA	NA	NA	NA	NA	NA	NA	NA	NA	22501.5
NA	NA	NA	NA	NA	NA	NA	NA	NA	NA	NA	NA	NA	NA	NA	NA	NA	NA	NA	NA	25001.5
NA	NA	NA	NA	NA	NA	NA	NA	NA	NA	NA	NA	NA	NA	NA	NA	NA	NA	NA	NA	27501.5
NA	NA	NA	NA	NA	NA	NA	NA	NA	NA	NA	NA	NA	NA	NA	NA	NA	NA	NA	NA	30001.5
NA	NA	NA	NA	NA	NA	NA	NA	NA	NA	NA	NA	NA	NA	NA	NA	NA	NA	NA	NA	32501.5
NA	NA	NA	NA	NA	NA	NA	NA	NA	NA	NA	NA	NA	NA	NA	NA	NA	NA	NA	NA	35001.5
NA	NA	NA	NA	NA	NA	NA	NA	NA	NA	NA	NA	NA	NA	NA	NA	NA	NA	NA	NA	37501.5
NA	NA	NA	NA	NA	NA	NA	NA	NA	NA	NA	NA	NA	NA	NA	NA	NA	NA	NA	NA	40001.5
NA	NA	NA	NA	NA	NA	NA	NA	NA	NA	NA	NA	NA	NA	NA	NA	NA	NA	NA	NA	42501.5
NA	NA	NA	NA	NA	NA	NA	NA	NA	NA	NA	NA	NA	NA	NA	NA	NA	NA	NA	NA	45001.5
NA	NA	NA	NA	NA	NA	NA	NA	NA	NA	NA	NA	NA	NA	NA	NA	NA	NA	NA	NA	47501.5
NA	NA	NA	NA	NA	NA	NA	NA	NA	NA	NA	NA	NA	NA	NA	NA	NA	NA	NA	NA	50001.5
NA	NA	NA	NA	NA	NA	NA	NA	NA	NA	NA	NA	NA	NA	NA	NA	NA	NA	NA	NA	52501.5
NA	NA	NA	NA	NA	NA	NA	NA	NA	NA	NA	NA	NA	NA	NA	NA	NA	NA	NA	NA	55001.5
NA	NA	NA	NA	NA	NA	NA	NA	NA	NA	NA	NA	NA	NA	NA	NA	NA	NA	NA	NA	57501.5
NA	NA	NA	NA	NA	NA	NA	NA	NA	NA	NA	NA	NA	NA	NA	NA	NA	NA	NA	NA	60001.5
NA	NA	NA	NA	NA	NA	NA	NA	NA	NA	NA	NA	NA	NA	NA	NA	NA	NA	NA	NA	62501.5
NA	NA	NA	NA	NA	NA	NA	NA	NA	NA	NA	NA	NA	NA	NA	NA	NA	NA	NA	NA	65001.5
NA	NA	NA	NA	NA	NA	NA	NA	NA	NA	NA	NA	NA	NA	NA	NA	NA	NA	NA	NA	67501.5
NA	NA	NA	NA	NA	NA	NA	NA	NA	NA	NA	NA	NA	NA	NA	NA	NA	NA	NA	NA	70001.5
NA	NA	NA	NA	NA	NA	NA	NA	NA	NA	NA	NA	NA	NA	NA	NA	NA	NA	NA	NA	72501.5
NA	NA	NA	NA	NA	NA	NA	NA	NA	NA	NA	NA	NA	NA	NA	NA	NA	NA	NA	NA	75001.5
NA	NA	NA	NA	NA	NA	NA	NA	NA	NA	NA	NA	NA	NA	NA	NA	NA	NA	NA	NA	77501.5
NA	NA	NA	NA	NA	NA	NA	NA	NA	NA	NA	NA	NA	NA	NA	NA	NA	NA	NA	NA	80001.5
NA	NA	NA	NA	NA	NA	NA	NA	NA	NA	NA	NA	NA	NA	NA	NA	NA	NA	NA	NA	82501.5
NA	NA	NA	NA	NA	NA	NA	NA	NA	NA	NA	NA	NA	NA	NA	NA	NA	NA	NA	NA	85001.5
NA	NA	NA	NA	NA	NA	NA	NA	NA	NA	NA	NA	NA	NA	NA	NA	NA	NA	NA	NA	87501.5
NA	NA	NA	NA	NA	NA	NA	NA	NA	NA	NA	NA	NA	NA	NA	NA	NA	NA	NA	NA	90001.5
NA	NA	NA	NA	NA	NA	NA	NA	NA	NA	NA	NA	NA	NA	NA	NA	NA	NA	NA	NA	92501.5
NA	NA	NA	NA	NA	NA	NA	NA	NA	NA	NA	NA	NA	NA	NA	NA	NA	NA	NA	NA	95001.5
NA	NA	NA	NA	NA	NA	NA	NA	NA	NA	NA	NA	NA	NA	NA	NA	NA	NA	NA	NA	97501.5
NA	NA	NA	NA	NA	NA	NA	NA	NA	NA	NA	NA	NA	NA	NA	NA	NA	NA	NA	NA	100001.5
7	5	6	5	12	1.02487779129168	0.747407477903524	0.963398958888001	0.711872575565603	1.72542885130852	0.529791018230325	0.270774875890352	0.560069187052137	0.106256131612708	0.57299931857293	-0.919815151576991	-1.10564833487306	-0.812877926871218	-1.42276036435959	-1.45608440405709	102501.5
29	33	22	18	36	4.24592227820838	4.93288935416326	3.532462849256	2.56274127203617	5.17628655392555	4.26459908107307	3.8834644742264	3.90378057820608	1.65334943274721	3.92020373514431	0.0114279626647433	-0.568067714605916	0.275857292107041	-0.839693328959206	-0.642178434109662	105001.5
46	39	34	25	54	6.73491119991673	5.82977832764748	5.459260767032	3.55936287782801	7.76442983088832	4.38703868385949	3.94924749327944	4.08455646157648	2.2455059995472	4.0419366388321	-0.955384186368919	-0.878054967947681	-0.700257185625021	-0.924797745297553	-1.322006794106	107501.5
64	54	43	29	76	9.37031123466676	8.07200076135805	6.90435920536401	4.1288609382805	10.9277160582873	4.52468504520528	4.07713439161745	4.17543859649123	2.36558750282998	4.16727302126283	-1.45715787028508	-1.3893572646732	-1.1259972269108	-1.0936612194484	-1.74986529032239	110001.5
81	62	51	27	93	11.8593001563751	9.26785272600369	8.18889115054801	3.84411190805425	13.372073597641	4.2865866310953	4.02347781723996	3.83098591549296	2.46392473524011	3.9074414145964	-1.82754264618441	-1.60581180514346	-1.53881054069906	-0.910070151959073	-2.02586432290837	112501.5
84	55	53	20	99	12.2985334955001	8.22148225693876	8.51002413684401	2.84749030226241	14.2347880232953	0.813443011708908	0.65539705276377	0.791351618482827	1.56488315347269	0.944273125209337	-2.67843999759475	-2.58742845442823	-2.63074595524605	-1.08702702100821	-2.68109286366578	115001.5
106	71	66	21	119	15.5195779824168	10.61318618623	10.597388547768	2.98986481737553	17.1105027754761	1.37935378686824	1.23820222514373	1.21507289350136	1.6496264432873	1.44399015973113	-2.64508343299147	-2.53044676894997	-2.60860694889855	-1.09119490926175	-2.6519324420023	117501.5
116	70	78	21	132	16.9836891128335	10.4637046906493	12.524186465544	2.98986481737553	18.9797173643937	1.53045798132503	1.29618546788847	1.39609587348653	1.5735265262999	1.57861242969174	-2.65222636535748	-2.50745198633088	-2.64463068045334	-1.15315391865692	-2.66675287311381	120001.5
123	81	83	24	134	18.0085669041252	12.1080011420371	13.327018931284	3.41698836271489	19.2672888396118	1.57403290351267	1.46980162078371	1.4918211020509	1.68627273413327	1.56988092350692	-2.6666770639319	-2.53752536443389	-2.65224059173078	-1.26083094652482	-2.67323863490122	122501.5
120	86	83	25	139	17.5693335650002	12.8554086199406	13.327018931284	3.55936287782801	19.986217527657	2.10123758707574	2.03133645978455	2.20499135161848	1.30550147158705	2.27335620156382	-2.56998329567841	-2.44005006277247	-2.49242078035037	-1.58644825106995	-2.58290595659428	125001.5
126	98	84	24	150	18.4478002432502	14.6491865669091	13.487585424432	3.41698836271489	21.5678606413564	1.80527641914925	1.89012616996645	1.98339510748703	0.847050537066385	2.00364967718836	-2.63869969050899	-2.54134482139094	-2.54898674434063	-1.87220655300712	-2.65090021294313	127501.5
150	122	89	26	166	21.9616669562502	18.236742460846	14.290417890172	3.70173739294113	23.8684324431011	2.54958500074107	2.59230225850127	2.58818878181369	2.28531180036727	2.65668780245545	-2.60206947994593	-2.52767107374242	-2.45447044023248	-0.964434438538576	-2.60582905503868	130001.5
167	123	102	31	173	24.4506558779586	18.3862239564267	16.377782301096	4.41360996850674	24.8749326063644	2.96924559063287	2.76471165355258	2.93970842599456	2.6205116594974	2.95500271415867	-2.59533784511303	-2.50426815947358	-2.47514567094856	-1.04994025385058	-2.58717194358437	132501.5
200	127	128	29	187	29.2822226083336	18.9841499387495	20.552511122944	4.1288609382805	26.887932932891	2.6696457684897	2.2134391617448	2.48045465777119	2.64247729731089	2.2563320744257	-2.69849222778609	-2.60710829690384	-2.67666684558139	-0.92192175794653	-2.69569923382001	135001.5
204	121	135	26	184	29.8678670605003	18.0872609652653	21.67647657498	3.70173739294113	26.4565757200639	2.78892100192678	2.06817691266213	2.50956263899185	2.54902019973335	2.38237298314912	-2.69331420231704	-2.60872262804204	-2.69664599438589	-0.784877204177693	-2.67642476929142	137501.5
199	111	136	27	178	29.135811495292	16.5924460094582	21.837043068128	3.84411190805425	25.5938612944096	2.11210167481844	1.41804838804623	1.91178650852483	1.16950167282972	1.73678435720638	-2.75359129401434	-2.68398003588801	-2.78342486969132	-1.76358901976975	-2.73904834955239	140001.5
198	112	128	17	189	28.9894003822503	16.7419275050389	20.552511122944	2.42036675692305	27.1755044081091	1.93486734845116	1.31456154465004	1.70832715591796	0.520131813951148	1.74595474862271	-2.77028997864694	-2.70542324644285	-2.79102727206384	-1.83709906763043	-2.75439878175725	142501.5
164	88	98	14	168	24.0114225388336	13.154371611102	15.735516328504	1.99324321158369	24.1560039183192	1.60661775603972	1.21532288130605	1.32493204843094	0.268457726460896	1.57959414665696	-2.75486635613904	-2.63354495015168	-2.75764071446763	-1.94341267282677	-2.74148736091219	145001.5
171	95	95	13	175	25.0363003301253	14.2007420801669	15.25381684906	1.85086869647057	25.1625040815825	1.66110864087743	1.35135294233071	1.29631826043983	0.196694589087616	1.5165101694328	-2.76006640244341	-2.6360606417204	-2.751304676063	-1.97362664137877	-2.75995700331865	147501.5
210	112	115	15	202	30.7463337387503	16.7419275050389	18.46514671202	2.13561772669681	29.0447189970267	2.12740477249148	1.80841002295783	1.87847788485298	0.581742258445903	1.92105840638463	-2.76717034229668	-2.61881940513483	-2.72336053246779	-1.65898663034663	-2.75377251519967	150001.5
211	128	119	22	199	30.892744851792	19.1336314343302	19.107412684612	3.13223933248865	28.6133617841996	1.86388024307099	1.7310009222377	1.7742525327403	0.672170653787136	1.70007969231835	-2.79383292342025	-2.68502428268905	-2.75393177717867	-1.92726957860809	-2.77251090500501	152501.5
227	151	127	25	221	33.2353226604587	22.5717058326864	20.391944629796	3.55936287782801	31.7766480115985	2.08733511190159	2.22163137962836	2.03577958981962	0.737987070158227	2.09893397087188	-2.7913456726522	-2.67732455835938	-2.73938068485401	-1.98591035956994	-2.76025796886125	155001.5
193	135	110	25	200	28.2573448170419	20.1800019033951	17.66231424628	3.55936287782801	28.7571475218086	1.68949162590781	1.89516904420854	1.78537188040524	1.19122581943501	1.87029786447686	-2.78904059970984	-2.6802267257782	-2.7204329802688	-1.66688461152871	-2.75630521327224	157501.5
134	115	84	22	159	19.6190891475835	17.190371991781	13.487585424432	3.13223933248865	22.8619322798378	1.14702089817697	1.53499597747385	1.33516184828268	1.13435463990139	1.47332617257429	-2.7605231261151	-2.67683773509394	-2.69261597329373	-1.56518491655386	-2.73943584279894	160001.5
99	100	65	16	136	14.4947001911251	14.9481495580705	10.43682205462	2.27799224180993	19.5548603148298	0.909611679264859	1.39070502128996	1.06399802322708	1.09644052021231	1.20437037293695	-2.71195808213273	-2.64897011001632	-2.64341202620437	-1.19883070430498	-2.73267165808063	162501.5
95	90	65	16	117	13.9090557389585	13.4533346022634	10.43682205462	2.27799224180993	16.822931300258	0.781006373202905	0.958783823558268	0.823968371633309	1.06809548964858	0.818740399385561	-2.72535683225208	-2.69808710189931	-2.71110744708749	-1.22759025188392	-2.75338333471298	165001.5
104	86	68	21	116	15.2267557563335	12.8554086199406	10.918521534064	2.98986481737553	16.679145562649	0.827397361790425	0.919235523811393	0.920138374104275	1.00691771690187	0.902082394927411	-2.74288751155722	-2.69074886803538	-2.70331745184762	-1.61447532260389	-2.73667941303024	167501.5
107	84	68	19	119	15.6659890954585	12.5564456287792	10.918521534064	2.70511578714929	17.1105027754761	0.769075144508671	0.908433569452348	0.759673832468495	0.869700399969814	0.907834101382488	-2.76179620349875	-2.68477119977045	-2.74670312619784	-1.62208249817618	-2.74268969474799	170001.5
117	79	72	23	129	17.1301002258752	11.8090381508757	11.560787506656	3.27461384760177	18.5483601515665	0.976493256262042	0.903253340658909	1.05085248332098	1.06106205820944	1.15938463670697	-2.74974940900248	-2.66327570888234	-2.69327330533186	-1.67111003655593	-2.72439802245139	172501.5
131	86	74	24	142	19.1798558084585	12.8554086199406	11.881920492952	3.41698836271489	20.4175747404841	1.19818437824218	1.21802091713596	1.30936496170002	1.07323723995673	1.44177263435085	-2.74640117089857	-2.62339424336642	-2.64040693301944	-1.70742893732783	-2.71074054192856	175001.5
137	97	84	22	145	20.0583224867085	14.4997050713284	13.487585424432	3.13223933248865	20.8489319533112	1.21741514747295	1.38909601083139	1.4126019273536	1.09793977812995	1.45274476513865	-2.75626852275694	-2.63694880046524	-2.67545755278832	-1.59371308566918	-2.7155160470598	177501.5
149	99	81	27	144	21.8152558432086	14.7986680624898	13.005885944988	3.84411190805425	20.7051462157022	1.3573365940418	1.38340560799011	1.43187546330615	1.04179307222096	1.52103761708419	-2.76003167975167	-2.64637348353074	-2.65426587159056	-1.84779773279924	-2.70380470265839	180001.5
160	104	89	25	137	23.4257780866669	15.5460755403933	14.290417890172	3.55936287782801	19.6986460524389	1.3689936267971	1.65024625708848	1.40370644922165	0.807425854652479	1.4445676402989	-2.7777030952762	-2.61553013531104	-2.7029083100951	-1.93703377917671	-2.69922051866358	182501.5
148	92	82	29	127	21.6688447301669	13.7522975934248	13.166452438136	4.1288609382805	18.2607886763485	1.12496665184526	1.25317387123992	1.19777613046701	1.45909994214273	1.16938660014091	-2.78971051096693	-2.64345615945553	-2.71310178304918	-1.65590543586099	-2.71824078061133	185001.5
119	84	70	25	108	17.4229224519585	12.5564456287792	11.23965452036	3.55936287782801	15.5288596617766	0.982629316733363	1.13382257716382	1.02554978996788	1.01434357155435	0.983795895268124	-2.75349762741491	-2.6328208829639	-2.68761712469026	-1.7913885104901	-2.70109260384782	187501.5
97	66	66	17	96	14.2018779650418	9.86577870832651	10.597388547768	2.42036675692305	13.8034308104681	0.751289461983104	0.872839118576222	0.964368668149246	0.779976353985863	0.790270607394061	-2.73766108644355	-2.59834831736157	-2.67831135967207	-1.58588794029475	-2.70289960586095	190001.5
132	65	72	28	127	19.3262669215002	9.71629721274581	11.560787506656	3.98648642316737	18.2607886763485	1.13153253297762	0.811559366599298	1.08999258710156	1.46761250723216	1.00078537357218	-2.75869683037969	-2.60964560111733	-2.68324327218265	-1.6100801855628	-2.74505535835496	192501.5
140	74	80	29	139	20.4975558258335	11.0616306729722	12.84531945184	4.1288609382805	19.986217527657	1.70195642507781	1.49276926397583	1.85119841858167	1.61018287927955	1.74477668826444	-2.69285634077302	-2.48467967229623	-2.55106215865309	-1.5621970262945	-2.65998391414728	195001.5
196	82	96	43	177	28.696578156167	12.2574826376178	15.414383342208	6.12210414986418	25.4500755568006	2.70188972876834	2.15629966838687	2.57805782060786	2.60171559379166	2.55294919325965	-2.6882075831982	-2.38174415685924	-2.50517170815351	-1.5447348016263	-2.64324707954204	197501.5
207	100	101	47	183	30.3071003996253	14.9481495580705	16.217215807948	6.69160221031666	26.3127899824549	2.78591225729954	2.40985617016267	2.56535705460835	2.86974064850452	2.62556159985217	-2.69862594114939	-2.44983959366949	-2.53830867695517	-1.54805298845511	-2.64737956165472	200001.5
160	87	87	35	145	23.4257780866669	13.0048901155213	13.969284903876	4.98310802895922	20.8489319533112	2.27409218912109	2.13399917587269	2.23236965653571	2.22883304404699	2.24989894090064	-2.66372024874336	-2.42397956653954	-2.51544851306652	-1.45073739644324	-2.60391241407453	202501.5
127	77	71	29	125	18.5942113562919	11.5100751597143	11.400221013508	4.1288609382805	17.9732172011304	1.55806284274492	1.42222789082275	1.33427230046948	1.37582572384474	1.47211346338196	-2.68068518497493	-2.52360757316443	-2.61360721984101	-1.7075558386297	-2.66462600180661	205001.5
99	85	65	29	111	14.4947001911251	12.7059271243599	10.43682205462	4.1288609382805	15.9602168746038	0.761145694382689	0.891401605086043	0.724882629107981	0.849958493698589	0.872665534804754	-2.74159598454841	-2.69290582754394	-2.7390525405342	-2.03372226558698	-2.72956937555731	207501.5
110	97	72	28	127	16.1052224345835	14.4997050713284	11.560787506656	3.98648642316737	18.2607886763485	1.18174744330814	1.02293821007398	1.09804793674327	0.773365532161095	1.2125474977767	-2.69467890610759	-2.71059445407545	-2.68117901030977	-2.05384725598952	-2.71137641035321	210001.5
138	118	86	35	154	20.2047335997502	17.6388164785232	13.808718410728	4.98310802895922	22.1430035917926	2.13581591818586	1.90755057590801	1.81111934766494	1.59801775966594	2.14236050956885	-2.62488243484431	-2.62427203636277	-2.59967533572408	-1.78300172310369	-2.64202401965771	212501.5
161	120	101	36	174	23.5721891997086	17.9377794696846	16.217215807948	5.12548254407234	25.0187183439735	2.25902623388173	1.89441359417617	2.01961947121324	1.58857947827837	2.23103842555698	-2.66791550309349	-2.63355721058679	-2.63977840853539	-1.8173816366783	-2.67459972333758	215001.5
183	122	108	30	187	26.7932336866253	18.236742460846	17.341181259984	4.27123545339362	26.887932932891	2.71913443011709	2.22354453230775	2.68381517173215	1.87215052951978	2.92723744845986	-2.66144993926012	-2.58725123293397	-2.55602249857706	-1.44518359566804	-2.62227489111725	217501.5
160	101	102	30	169	23.4257780866669	15.0976310536512	16.377782301096	4.27123545339362	24.2997896559283	2.26552541870461	1.91780311206169	2.5560168025698	1.73354463814052	2.71356963838167	-2.664799097963	-2.55091304361996	-2.54581745542644	-1.52867833088601	-2.60621751069369	220001.5
133	84	96	23	153	19.4726780345419	12.5564456287792	15.414383342208	3.27461384760177	21.9992178541836	1.81609604268564	1.61253262170594	2.36669137632814	1.81121424798128	2.40275804719171	-2.65773893338955	-2.52248214584022	-2.5464225501777	-1.10478633033884	-2.60497620289601	222501.5
119	90	80	25	129	17.4229224519585	13.4533346022634	12.84531945184	3.55936287782801	18.5483601515665	1.70482436638506	1.6873810411475	2.13036817395602	2.07107891228335	2.24715013339801	-2.63254100338209	-2.54075301361759	-2.48628395613726	-1.04757350549413	-2.55397359661081	225001.5
98	75	71	21	111	14.3482890780835	11.2111121685529	11.400221013508	2.98986481737553	15.9602168746038	1.70220097821254	1.74311755587387	1.88391401037806	1.97838653686514	2.01776330226488	-2.54897278786879	-2.42775541504235	-2.47089364337682	-0.82352510707107	-2.5224036315818	227501.5
100	69	68	21	109	14.6411113041668	10.3142231950686	10.918521534064	2.98986481737553	15.6726453993857	1.801274640581	1.85792633871632	1.81388682975043	2.11391341533972	2.0040308143631	-2.53881831149948	-2.34418994940833	-2.46166980151694	-0.713181870585093	-2.51612606432584	230001.5
98	68	56	23	97	14.3482890780835	10.1647416994879	8.99172361628801	3.27461384760177	13.9472165480772	1.24373795761079	1.23942860506642	1.25495428712627	1.30501848917063	1.37144705080674	-2.64138158294669	-2.50811598722849	-2.5062265750181	-1.48693632884543	-2.58651285137749	232501.5
129	77	82	27	124	18.8870335823752	11.5100751597143	13.166452438136	3.84411190805425	17.8294314635213	1.54957017933897	1.33508623903616	1.70249567580924	1.68229819133147	1.84562789462135	-2.68745647161217	-2.54540720261212	-2.59869017534864	-1.4254603842417	-2.6010466220095	235001.5
157	97	94	30	152	22.9865447475419	14.4997050713284	15.093250355912	4.27123545339362	21.8554321165745	1.87616718541574	1.80730137550772	1.87763775636274	1.62968329434257	1.98202880473072	-2.70766080864934	-2.55283477268493	-2.63145841815781	-1.59124331505442	-2.65857585539398	237501.5
172	112	94	38	159	25.1827114431669	16.7419275050389	15.093250355912	5.41023157429858	22.8619322798378	2.00844819919964	1.91409453917548	1.76308376575241	2.132568611174	1.9692433849601	-2.72090866065079	-2.60028601792547	-2.6542681109098	-1.6056523866356	-2.67591915639789	240001.5
186	118	103	38	172	27.2324670257503	17.6388164785232	16.538348794244	5.41023157429858	24.7311468687554	2.8333852082407	2.49515334654553	2.38631084754139	2.42681558624506	2.61752307034868	-2.65508096882584	-2.52624880485558	-2.58245067106508	-1.46150749953202	-2.62474522449895	242501.5
159	109	79	28	143	23.2793669736252	16.2934830182968	12.684752958692	3.98648642316737	20.5613604780931	2.60786275381651	2.44626493730746	1.92498146775389	1.77699293135109	2.14264924985274	-2.61909393691496	-2.49216357372237	-2.52652942202347	-1.41232225590876	-2.61342543155525	245001.5
115	84	63	28	113	16.8372779997918	12.5564456287792	10.115689068324	3.98648642316737	16.2477883498219	2.59465688454128	1.46155053666385	2.61704966641957	1.53259376650819	2.76869593338184	-2.46478193793859	-2.55728227753116	-2.17741647272404	-1.56854375242442	-2.39735426502001	247501.5
103	82	58	22	100	15.0803446432918	12.2574826376178	9.31285660258401	3.13223933248865	14.3785737609043	2.50787016451756	1.50883974648274	2.65228564368668	1.34802404849948	2.72867653003476	-2.41702387993398	-2.53440784887363	-2.08861623931471	-1.39779180487551	-2.32781036688129	250001.5
114	97	83	25	109	16.6908668867502	14.4997050713284	13.327018931284	3.55936287782801	15.6726453993857	2.13630502445531	1.18650785864254	2.76347912033605	0.991623273715191	2.50732822840511	-2.53989123900397	-2.67769554094372	-2.3672649568863	-1.8073808766005	-2.42347880050098	252501.5
147	105	101	32	139	21.5224336171252	15.695557035974	16.217215807948	4.55598448361986	19.986217527657	2.6182006817845	1.25325235955497	3.18996787744008	1.16258898699469	2.78440340482543	-2.58391593928657	-2.69369831858826	-2.42217393662716	-1.93297212129175	-2.50838457684065	255001.5
168	112	100	30	140	24.5970669910002	16.7419275050389	16.0566493148	4.27123545339362	20.130003265266	1.80910034089225	1.29270254890803	1.80919199406968	0.803169572107765	1.46129147754178	-2.73730662201098	-2.70925655378619	-2.67434769861557	-2.08912651255271	-2.70356228921285	257501.5
175	110	111	28	161	25.6219447822919	16.4429645138775	17.822880739428	3.98648642316737	23.1495037550559	1.71602934637617	1.13713870847478	1.82945391648134	0.776575352803562	1.49061594077359	-2.76011252145073	-2.73074569545645	-2.71671311853676	-2.05179551827333	-2.74071056442974	260001.5
162	86	87	28	150	23.7186003127502	12.8554086199406	13.969284903876	3.98648642316737	21.5678606413564	1.46735586186453	0.878333300629869	1.26829750432419	0.919175911251981	1.19822597969578	-2.76869255553817	-2.69996937864958	-2.72206786837957	-1.96064433672531	-2.76003305019902	262501.5
117	63	70	20	111	17.1301002258752	9.4173342215844	11.23965452036	2.84749030226241	15.9602168746038	0.91498443752779	0.654572925455723	0.990462070669632	1.0714059316278	0.943568598916646	-2.76021975400227	-2.6436337439982	-2.69684968669559	-1.50525568510356	-2.7167419240992	265001.5
83	52	61	14	83	12.1521223824585	7.77303777019665	9.79455608202801	1.99324321158369	11.9342162215506	0.708477842003854	0.608264819574986	0.87175685693106	1.04922898900712	0.77444763983692	-2.69905332212976	-2.57944779938956	-2.66997570151746	-1.06367384194064	-2.65937433465289	267501.5
76	51	63	13	75	11.1272445911668	7.62355627461594	10.115689068324	1.85086869647057	10.7839303206782	1.19974062546317	1.14863724662991	1.47190511489993	0.749045355067542	1.22749269487082	-2.54350371164287	-2.37282619808331	-2.50993767777036	-1.31460641959048	-2.50441995051277	270001.5
70	55	64	11	83	10.2487779129168	8.22148225693876	10.276255561472	1.56611966624433	11.9342162215506	1.46367274344153	1.4797303926378	2.10758586607363	0.615259225718814	1.83055565180232	-2.43065191690772	-2.30552526645633	-2.33739252725204	-1.28746823293551	-2.40770365518699	272501.5
115	93	89	29	123	16.8372779997918	13.9017790890055	14.290417890172	4.1288609382805	17.6856457259123	4.06309470875945	4.3828267566666	4.28114652829256	3.6219253892788	4.14992550500676	-2.21065883820639	-1.99264604072958	-2.09938298579809	-0.314424149741294	-2.21983204470079	275001.5
129	98	92	35	138	18.8870335823752	14.6491865669091	14.772117369616	4.98310802895922	19.8424317900479	4.29109974803616	4.40162470812158	4.47768717568569	3.9559882273036	4.37338738551448	-2.26249572561163	-2.04110549299957	-2.09219799528279	-0.541006658758388	-2.27144417846083	277501.5
164	106	95	40	159	24.0114225388336	15.8450385315547	15.25381684906	5.69498060452482	22.8619322798378	4.28872091299837	4.18033671487157	4.10427477143563	4.25334440168038	4.33300994421538	-2.42507835653665	-2.15605186850942	-2.19779977474902	-0.674788029088692	-2.37316979517447	280001.5
173	114	98	44	152	25.3291225562086	17.0408904962003	15.735516328504	6.2644786649773	21.8554321165745	4.68910626945309	4.55852284991072	4.05025945144552	4.92811108595578	4.28651120889782	-2.40976985840517	-2.15221818559377	-2.23611614192135	-0.574425359704921	-2.35029240827812	282501.5
141	96	84	28	136	20.6439669388752	14.3502235757477	13.487585424432	3.98648642316737	19.5548603148298	2.26130131910479	1.84811529933481	2.09033852236224	1.61399642794255	2.06308397722417	-2.61568952659424	-2.53943915328373	-2.5252912612687	-1.51651065485714	-2.60479592635497	285001.5
153	111	107	31	157	22.4009002953752	16.5924460094582	17.180614766836	4.41360996850674	22.5743608046197	5.68768341485104	4.88464179895218	5.44368668149246	3.13517973486278	5.60794844253491	-2.19784267425442	-2.0708243944223	-2.06506170047344	-0.748578790855023	-2.19980738631737	287501.5
118	100	94	27	128	17.2765113389168	14.9481495580705	15.093250355912	3.84411190805425	18.4045744139575	5.60497999110716	4.66173498420423	5.60494193229553	3.35692903680225	5.4737650578058	-1.97066539838871	-2.00984814442609	-1.88928730222122	-0.321239465490866	-2.04111217079034	290001.5
127	104	107	32	163	18.5942113562919	15.5460755403933	17.180614766836	4.55598448361986	23.437075230274	6.28487475915222	5.03767439122501	6.42470966147764	3.03378361381531	6.37903514546735	-1.93690822937959	-1.97793448085957	-1.89245495290535	-0.867087802546011	-2.13288450703742	292501.5
147	95	107	29	156	21.5224336171252	14.2007420801669	17.180614766836	4.1288609382805	22.4305750670107	6.79611679264858	5.35478680611424	6.80395354583642	3.01169723039771	6.95466777542936	-2.01285949553728	-1.81475354868707	-1.82572863277853	-0.692915005989647	-2.01898634583629	295001.5
163	91	102	22	170	23.8650114257919	13.6028160978441	16.377782301096	3.13223933248865	24.4435753935373	3.673654957759	2.65058964346683	3.77682233753398	1.39154277664579	3.8254391739718	-2.49745528357175	-2.34041427969863	-2.32095847913109	-1.36369831733095	-2.47514386330003	297501.5
172	83	104	19	171	25.1827114431669	12.4069641331985	16.698915287392	2.70511578714929	24.5873611311463	3.46605157847932	2.51753232737476	3.47467259698542	0.695705984454003	3.56851806936697	-2.54977028974666	-2.30532618567623	-2.39095103141681	-1.77585330023004	-2.50894396731398	300001.5
144	70	73	11	134	21.0832002780002	10.4637046906493	11.721353999804	1.56611966624433	19.2672888396118	2.24419742107603	1.94335105861115	2.22095379293304	1.86011621764395	2.41274846101429	-2.62674906578262	-2.33044263336288	-2.40320800578618	0.398072318909826	-2.54592134210614	302501.5
134	74	71	13	148	19.6190891475835	11.0616306729722	11.400221013508	1.85086869647057	21.2802891661384	2.46056765970061	2.31337440888488	2.43083765752409	2.24085729378915	2.6042063684557	-2.56422262725049	-2.27159884319986	-2.32888580749037	0.465302825178184	-2.56355780636294	305001.5
133	67	68	18	135	19.4726780345419	10.0152602039072	10.918521534064	2.56274127203617	19.4110745772208	3.98693493404476	3.44762867178149	3.68060291574005	3.22365607627097	3.84995899887969	-2.33097563105038	-1.87122725174426	-1.95695558001067	0.610260317005118	-2.33379990135306	307501.5
141	82	78	21	146	20.6439669388752	12.2574826376178	12.524186465544	2.98986481737553	20.9927176909203	3.98813546761524	4.03246472931342	3.79906103286385	3.732568611174	4.05544968411813	-2.36997641349892	-1.93936575575742	-2.07355738337887	0.604694369711374	-2.35559655491266	310001.5
178	91	107	16	164	26.0611781214169	13.6028160978441	17.180614766836	2.27799224180993	23.580860967883	4.24315992292871	3.85450228597218	4.03607610575735	2.12654139310241	4.14985620733862	-2.47782390776793	-2.08314655867711	-2.31272468928921	-0.153665662116023	-2.41525032942506	312501.5
191	97	115	19	163	27.9645225909586	14.4997050713284	18.46514671202	2.70511578714929	23.437075230274	4.94629464947384	3.6327237407531	4.49167284408204	2.49820642467235	4.50640425949667	-2.441024397844	-2.18568590155585	-2.29430078034011	-0.182859998846579	-2.36703247387472	315001.5
196	104	123	22	165	28.696578156167	15.5460755403933	19.749678657204	3.13223933248865	23.7246467054921	5.62255076330221	4.3331044090811	5.06997776130467	2.63568535707997	5.34027464975804	-2.38617114360349	-2.11055154049394	-2.25931525025296	-0.389010835033754	-2.27174471259557	317501.5
213	112	128	30	186	31.1855670778753	16.7419275050389	20.552511122944	4.27123545339362	26.744147195282	7.08597895360901	5.54187351608029	6.16837163330862	3.00785349533369	6.53661804280286	-2.29817713268077	-1.96409980167346	-2.13044649059848	-0.761048040726714	-2.22307893381078	320001.5
192	117	114	35	179	28.1109337040003	17.4893349829425	18.304580218872	4.98310802895922	25.7376470320187	7.2073514154439	5.67542138414144	6.26493699036323	3.02370135587251	6.56800988646732	-2.20553747189203	-1.98692169532587	-1.9934338832809	-1.03206272106411	-2.18894560103352	322501.5
162	103	102	34	166	23.7186003127502	15.3965940448126	16.377782301096	4.8407335138461	23.8684324431011	5.58747591522158	5.06589094048624	5.07620459599703	2.28397353658843	5.36033632468267	-2.25603153359703	-1.96247677316337	-2.08162653306244	-1.3813658258073	-2.27369013892463	325001.5
152	99	92	30	149	22.2544891823336	14.7986680624898	14.772117369616	4.27123545339362	21.4240749037474	3.18318511931229	3.01948472421168	2.94687422782308	1.15524362941162	2.87972234734301	-2.52388384806903	-2.32363090545505	-2.40331417367598	-1.87704079311339	-2.52898780963024	327501.5
132	108	93	25	127	19.3262669215002	16.1440015227161	14.932683862764	3.55936287782801	18.2607886763485	1.60450570623981	1.54155956282009	1.93110946380035	1.05107035946973	1.51614058186942	-2.68698434664285	-2.65132185947823	-2.61533890780108	-1.76553725437718	-2.66309253649589	330001.5
137	103	98	27	111	20.0583224867085	15.3965940448126	15.735516328504	3.84411190805425	15.9602168746038	1.09436045649918	1.16333418362341	1.51732147269582	1.05424999371117	1.06057771156001	-2.77427040372805	-2.703827764858	-2.72082465627911	-1.83958386684191	-2.69557318151538	332501.5
165	115	109	31	120	24.1578336518752	17.190371991781	17.501747753132	4.41360996850674	17.2542885130852	1.8183711279087	1.90636344014285	2.05376822337534	1.13245289663673	1.82664033355278	-2.73070260959865	-2.61333939198484	-2.67020628934411	-1.92126604082637	-2.59066280325179	335001.5
168	128	115	31	138	24.5970669910002	19.1336314343302	18.46514671202	4.41360996850674	19.8424317900479	1.79848080628427	1.96108941781292	2.15211267605634	0.927990340351672	1.94687178776434	-2.73858224799602	-2.64952429334218	-2.67843251235487	-2.04098812587338	-2.62774897559741	337501.5
173	107	111	27	154	25.3291225562086	15.9945200271354	17.822880739428	3.84411190805425	22.1430035917926	1.92500370535053	1.6818083707788	2.27111440573264	0.209594244459538	2.21177367381588	-2.73248525513618	-2.62189844113678	-2.64169074475963	-2.39653440312837	-2.6328547521263	340001.5
180	101	119	23	175	26.3540003475003	15.0976310536512	19.107412684612	3.27461384760177	25.1625040815825	2.10264562027568	1.92532817926731	2.57089201877934	0.20636429954972	2.59358072600857	-2.72444817294573	-2.54945659121603	-2.62735988974813	-2.31635990582157	-2.63424148310268	342501.5
168	94	108	19	169	24.5970669910002	14.0512605845862	17.341181259984	2.70511578714929	24.2997896559283	1.54708759448644	1.49991170064557	1.94741784037559	0.128161396624154	1.860850282388	-2.76877977785679	-2.60090908639389	-2.68443903231897	-2.27743138946472	-2.7091707890116	345001.5
137	77	91	44	153	20.0583224867085	11.5100751597143	14.611550876468	6.2644786649773	21.9992178541836	1.36851934192975	1.38209092871299	1.71134173461824	0.457746585163384	1.67151750343601	-2.73416323200109	-2.5336483617335	-2.6491846820397	-2.49597058176124	-2.70218070992624	347501.5
115	75	78	48	134	16.8372779997918	11.2111121685529	12.524186465544	6.83397672542979	19.2672888396118	1.32915369793983	1.36891470282362	1.51252779836916	0.629698387543078	1.54024462076851	-2.68378582574117	-2.52370741332512	-2.61696021549967	-2.46567940095194	-2.67771527407073	350001.5
91	71	54	49	111	13.3234112867918	10.61318618623	8.67059062999201	6.97635124054291	15.9602168746038	0.98111753371869	1.07161077644566	0.958487768717569	0.6234196161296	1.04422346188051	-2.66880438332441	-2.57541226380762	-2.58359430512529	-2.47804981582651	-2.69853191604293	352501.5
81	70	56	55	109	11.8593001563751	10.4637046906493	8.99172361628801	7.83059833122163	15.6726453993857	0.87380317178005	0.771638247355925	1.00741289844329	0.904535506754207	1.08113601977293	-2.6511585525924	-2.65092340298013	-2.58641441316337	-2.43185026857133	-2.68601304393556	355001.5
95	79	66	29	114	13.9090557389585	11.8090381508757	10.597388547768	4.1288609382805	16.3915740874309	1.00420186749667	0.729215313070267	1.16649369903632	1.05896913440495	1.22684591663491	-2.67902189334729	-2.70577712068943	-2.62211363839005	-1.90408449778712	-2.67455290575655	357501.5
125	91	83	28	116	18.3013891302085	13.6028160978441	13.327018931284	3.98648642316737	16.679145562649	1.12810878909145	0.879451759119361	1.2196688905362	0.90651774708827	1.1876927341395	-2.74375719287589	-2.71889407219646	-2.7132292759018	-1.96873551555592	-2.68713762396842	360001.5
164	105	109	34	129	24.0114225388336	15.695557035974	17.501747753132	4.8407335138461	18.5483601515665	1.82146880094857	1.70355944508761	1.85273041759328	1.33555706487561	1.53130522157929	-2.7284485443822	-2.60970954627492	-2.70495597375178	-1.89377610847374	-2.66612778651546	362501.5
165	99	110	29	127	24.1578336518752	14.7986680624898	17.66231424628	4.1288609382805	18.2607886763485	2.02948717948718	1.74618841120028	1.96683963429701	1.32159082333409	1.76884607832946	-2.70489647606455	-2.57480881649924	-2.68933940751618	-1.74119475488433	-2.62290189661161	365001.5
183	95	107	31	125	26.7932336866253	14.2007420801669	17.180614766836	4.41360996850674	17.9732172011304	2.77398102860531	2.66354021545042	2.50966147763776	1.24256282544714	2.45459270295555	-2.65538651505223	-2.36686455869013	-2.58129073695107	-1.85679169158082	-2.50597360075455	367501.5
169	89	102	39	139	24.7434781040419	13.3038531066827	16.377782301096	5.5526060894117	19.986217527657	5.79741366533274	5.84473049074819	5.34385964912281	4.82062737403466	5.20431262488017	-2.26275806148269	-1.62785711475332	-2.03232741086613	-0.350415708175068	-2.15551115770033	370001.5
144	86	93	37	131	21.0832002780002	12.8554086199406	14.932683862764	5.26785705918546	18.8359316267846	6.52271379872536	5.63679532209642	5.30936496170002	5.77805951752069	5.52484898883153	-2.03018941858265	-1.62727830800797	-1.93578404982525	0.25590085779819	-2.05490942097243	372501.5
161	94	104	40	150	23.5721891997086	14.0512605845862	16.698915287392	5.69498060452482	21.5678606413564	7.19044019564251	6.56808861330769	5.94974054855448	6.28441627047015	6.16734231893097	-2.05061642919027	-1.55067396780351	-1.94345725728003	0.275897712968817	-2.08673058040132	375001.5
143	80	107	38	147	20.9367891649585	11.9585196464564	17.180614766836	5.41023157429858	21.1365034285293	6.71150881873425	5.58839746482742	5.77267111440573	6.87899781148593	5.71019715186584	-1.99682795409032	-1.53733435477777	-2.00717831331104	0.719515105940443	-2.13137576189636	377501.5
141	71	92	30	130	20.6439669388752	10.61318618623	14.772117369616	4.27123545339362	18.6921458891756	3.57017192826441	2.31989875007358	2.70017296763034	3.27589867431389	2.86762990425372	-2.4294489010582	-2.23848088529037	-2.45345273135092	-0.599580436264178	-2.46097099131432	380001.5
132	65	80	25	127	19.3262669215002	9.71629721274581	12.84531945184	3.55936287782801	18.2607886763485	2.25787016451756	1.8113435237329	2.19130219915987	1.88625764093276	2.25424159477034	-2.58792082520609	-2.31664625932766	-2.47214490078197	-1.17766552529747	-2.545703906556	382501.5
138	73	75	23	115	20.2047335997502	10.9121491773914	12.0424869861	3.27461384760177	16.5353598250399	1.91623684600563	1.34327845691973	1.76639486039041	1.9011596609061	1.69283808599841	-2.65678081745819	-2.5165407350834	-2.53414128887006	-1.0368824832271	-2.59597093032114	385001.5
141	86	83	26	130	20.6439669388752	12.8554086199406	13.327018931284	3.70173739294113	18.6921458891756	1.64653179190751	1.59451955340149	1.55142080553496	0.976731315875531	1.60064908815818	-2.70316575266614	-2.53852086969887	-2.6388844353643	-1.85543788514392	-2.65800722534093	387501.5
146	101	94	27	146	21.3760225040835	15.0976310536512	15.093250355912	3.84411190805425	20.9927176909203	1.94851785978954	1.90954221690246	1.95156906350383	0.995718562121098	1.80399154568449	-2.67299229279672	-2.55251191314292	-2.61673740851286	-1.87817842118264	-2.66872421117307	390001.5
151	104	100	34	147	22.1080780692919	15.5460755403933	16.0566493148	4.8407335138461	21.1365034285293	1.88443752779013	1.99740988560328	1.95285396590067	1.26439765552285	1.81372786805724	-2.69350824509436	-2.55018556941634	-2.64738133857701	-1.93222210150354	-2.66973147969037	392501.5
128	102	89	30	143	18.7406224693335	15.2471125492319	14.290417890172	4.27123545339362	20.5613604780931	1.6694753223655	1.78325451798364	1.72661230541142	0.518994792845823	1.65369645311435	-2.66603345276256	-2.58155165532128	-2.63518079667377	-2.26031041905187	-2.68280279775593	395001.5
111	88	80	29	133	16.2516335476252	13.154371611102	12.84531945184	4.1288609382805	19.1235031020027	1.56991996442864	1.53404430665385	1.56263899184581	0.565371166955953	1.51348417125764	-2.62821413377589	-2.56324058845367	-2.61801912882301	-2.21023608162221	-2.67926374679209	397501.5
102	90	74	30	119	14.9339335302501	13.4533346022634	11.881920492952	4.27123545339362	17.1105027754761	2.55008151771158	2.68072915644683	2.54415616506054	1.32247629109753	2.67743090445007	-2.40297054249643	-2.32624832392895	-2.33202820239494	-1.77630159171066	-2.44314305750838	400001.5
84	82	63	23	114	12.2985334955001	12.2574826376178	10.115689068324	3.27461384760177	16.3915740874309	2.4881873425226	2.55337205423543	2.52018779342723	1.19678011722386	2.69372740607279	-2.28787257387901	-2.2881190005062	-2.20554272690541	-1.56865035540108	-2.41584387346859	402501.5
70	70	56	22	98	10.2487779129168	10.4637046906493	8.99172361628801	3.13223933248865	14.0910022856862	2.09207054987402	2.28338206149559	2.3039782554979	1.14426584157171	2.43994779575667	-2.25678759732133	-2.23743912904736	-2.16640879895306	-1.55742027256972	-2.37312097727981	405001.5
66	74	45	16	82	9.6631334607501	11.0616306729722	7.22549219166001	2.27799224180993	11.7904304839415	2.02417370683267	2.38071738319958	2.25258215962441	1.01004704047493	2.28473256874906	-2.23249609641666	-2.25411236155906	-1.96890431328166	-1.28648760012066	-2.29117716393035	407501.5
73	61	52	15	90	10.6880112520418	9.11837123042299	8.34945764369601	2.13561772669681	12.9407163848139	1.08417074255225	1.17328257755627	1.41225599209291	1.16813322264986	1.35101578831872	-2.55509318727096	-2.46966387663126	-2.40623278125496	-1.03292953011744	-2.55884843613077	410001.5
103	71	68	24	103	15.0803446432918	10.61318618623	10.918521534064	3.41698836271489	14.8099309737314	2.53900993033941	2.00756431136315	2.85352112676056	1.90997409000579	2.60807548825982	-2.41103734500532	-2.32278456778702	-2.18057819963656	-1.09786391276967	-2.37055767322966	412501.5
129	78	73	29	116	18.8870335823752	11.659556655295	11.721353999804	4.1288609382805	16.679145562649	2.82981325033348	2.0296097168534	2.88307388188782	2.25224762910975	2.67644918748484	-2.48900774549816	-2.38003592597804	-2.23571903017258	-1.16395968933563	-2.4288988697989	415001.5
142	80	77	35	126	20.7903780519169	11.9585196464564	12.363619972396	4.98310802895922	18.1170029387394	3.11340595820365	2.36627553322999	3.10546083518656	2.33039015923327	2.93585345853112	-2.49819658584093	-2.31494561551828	-2.22718297418912	-1.3972450234294	-2.43281338518733	417501.5
129	76	68	40	113	18.8870335823752	11.3605936641336	10.918521534064	5.69498060452482	16.2477883498219	2.607507040166	2.03450542550478	2.60533728687917	1.96938092722562	2.41934328909832	-2.52346712685666	-2.36184506976029	-2.24768101965098	-1.74384498561976	-2.45948916445491	420001.5
116	68	58	32	106	16.9836891128335	10.1647416994879	9.31285660258401	4.55598448361986	15.2412881865586	1.26379131465837	1.14112199046367	1.13219668890536	1.08772671244937	1.14955591744338	-2.69799416356593	-2.53574128049574	-2.56528445526069	-1.97561574764668	-2.66392782806738	422501.5
131	72	75	36	116	19.1798558084585	10.7626676818107	12.0424869861	5.12548254407234	16.679145562649	1.56243515636579	1.50450326707611	1.54717074376081	1.15908736447564	1.54536109859903	-2.69076792415498	-2.46645414297067	-2.58820317140975	-2.03806935873438	-2.62509669535559	425001.5
142	75	74	35	117	20.7903780519169	11.2111121685529	11.881920492952	4.98310802895922	16.822931300258	1.5647028308878	1.21827600415988	1.39654064739313	1.12162604080195	1.53865077440144	-2.71706692430335	-2.56233374671002	-2.61863553780526	-2.03392775107758	-2.62952894923776	427501.5
136	73	69	28	115	19.9119113736669	10.9121491773914	11.079088027212	3.98648642316737	16.5353598250399	1.76383577886468	1.46620096933069	1.53817642698295	0.725962820416069	1.76044951087396	-2.67370676860051	-2.48421304263385	-2.54458404078207	-2.08414737003642	-2.58414562889188	430001.5
128	75	69	31	108	18.7406224693335	11.2111121685529	11.079088027212	4.41360996850674	15.5288596617766	1.69908848377056	1.51406903047309	1.69058561897702	1.09653107941539	1.80309067599875	-2.66140870913706	-2.48648736627355	-2.50393614319467	-1.94229989139811	-2.54894538001108	432501.5
100	69	53	25	84	14.6411113041668	10.3142231950686	8.51002413684401	3.55936287782801	12.0780019591596	2.0520824069957	2.17180111060966	1.97751420805535	1.1192715015219	2.07455274130026	-2.48922614247713	-2.2571799853373	-2.22646757352185	-1.71753182590227	-2.35710912194614	435001.5
81	63	50	27	81	11.8593001563751	9.4173342215844	8.02832465740001	3.84411190805425	11.6466447463325	1.72174299688751	2.02825579341875	1.77642698295033	1.50165270545619	1.78805308201379	-2.4465230297235	-2.22920794138006	-2.24809866270844	-1.54457471019651	-2.4037939357816	437501.5
93	66	50	27	73	13.6162335128751	9.86577870832651	8.02832465740001	3.84411190805425	10.4963588454601	1.44098858752038	1.77134391617448	1.38537188040524	1.2963851784771	1.38909485695806	-2.57904727439349	-2.33874149962628	-2.38871683959732	-1.67992435925116	-2.44775354223763	440001.5
116	66	53	22	88	16.9836891128335	9.86577870832651	8.51002413684401	3.13223933248865	12.6531449095958	1.73594190010375	1.88238525989443	1.54726958240672	0.932055442356552	1.57797720106718	-2.61695931587094	-2.30665809844997	-2.37310733651206	-1.7236703655905	-2.49768883469922	442501.5
93	48	40	18	75	13.6162335128751	7.17511178787383	6.42265972592	2.56274127203617	10.7839303206782	0.717140951534015	0.6984184604517	0.678329626884112	0.492511257012049	0.691452132635737	-2.73237784672384	-2.5082529456708	-2.53029397278383	-1.91156139512542	-2.64489810052133	445001.5
106	52	47	14	74	15.5195779824168	7.77303777019665	7.54662517795601	1.99324321158369	10.6401445830692	0.790069660589892	0.73027490532347	0.79644180874722	0.346881996327321	0.711444509892242	-2.75531546737706	-2.53552196261061	-2.56870980402358	-1.85504764353459	-2.63483265673632	447501.5
128	62	67	14	104	18.7406224693335	9.26785272600369	10.757955040916	1.99324321158369	14.9537167113405	1.14413813546762	0.992347389282421	1.45011119347665	0.33749402560813	1.25085755864315	-2.74807635838526	-2.53393481481043	-2.5517579173701	-1.86562559738751	-2.63781350719378	450001.5
99	59	57	19	89	14.4947001911251	8.81940823926158	9.15229010943601	2.70511578714929	12.7969306472048	0.791685193419297	0.759335203971509	1.1620953792933	0.356461147586346	0.974879595301618	-2.73549945884935	-2.58380307701941	-2.54626503231417	-2.07566723680453	-2.63784021427401	452501.5
118	78	73	22	105	17.2765113389168	11.659556655295	11.721353999804	3.13223933248865	15.0975024489495	0.936712613013191	0.895934305280301	1.48075117370892	0.365969863909642	1.12643359550951	-2.75887327945334	-2.66022316119229	-2.59044862951661	-2.16715372183784	-2.66506141521237	455001.5
103	75	65	20	99	15.0803446432918	11.2111121685529	10.43682205462	2.84749030226241	14.2347880232953	0.878857269897732	0.809911111983204	1.39659006671609	0.0853973285035092	1.05244678516568	-2.73019715967807	-2.66704547489029	-2.5496112886002	-2.34091140053758	-2.65927101327327	457501.5
83	64	53	20	80	12.1521223824585	9.5668157171651	8.51002413684401	2.84749030226241	11.5028590087234	0.705446865273455	0.623972293624787	0.901754385964912	0.12264734737001	0.732707344397861	-2.69976819646762	-2.65882658035405	-2.59311751158419	-2.30934150239756	-2.65687137871046	460001.5
98	65	56	16	90	14.3482890780835	9.71629721274581	8.99172361628801	2.27799224180993	12.9407163848139	1.32302504816956	1.21299766497263	1.38018285149493	0.462777652001107	1.34099072566208	-2.62540030599626	-2.49199905075613	-2.46566039776513	-1.84176024238935	-2.56106183376667	462501.5
100	68	65	24	108	14.6411113041668	10.1647416994879	10.43682205462	3.41698836271489	15.5288596617766	1.89373795761079	1.64853913623609	1.82614282184334	0.9331421527935	2.02954390584757	-2.52053555848885	-2.39315120639503	-2.42846477875541	-1.80948858157814	-2.50689185903096	465001.5
137	93	82	34	138	20.0583224867085	13.9017790890055	13.166452438136	4.8407335138461	19.8424317900479	4.48699421965318	4.18716519828111	4.2941438102298	4.06658113853043	4.63037778778744	-2.27795621448777	-2.0336047740048	-2.01120623027552	-0.418258907656879	-2.23370821120275	467501.5
140	92	82	35	139	20.4975558258335	13.7522975934248	13.166452438136	4.98310802895922	19.986217527657	4.38278494145546	4.03025724545258	4.239782554979	4.2036676477247	4.62558469907488	-2.30877249673437	-2.05612713431322	-2.02352903145741	-0.41054844398223	-2.23990180353054	470001.5
136	86	80	39	133	19.9119113736669	12.8554086199406	12.84531945184	5.5526060894117	19.1235031020027	3.7846598488217	3.45401565841885	3.68598962194218	3.91502528111086	3.9912107457584	-2.3759842378688	-2.11933818866735	-2.12531949184388	-0.783949077452426	-2.30229180760052	472501.5
142	89	81	34	139	20.7903780519169	13.3038531066827	13.005885944988	4.8407335138461	19.986217527657	3.43622350674374	3.24247983831407	3.42401779095626	3.60928734938244	3.70499982675583	-2.45257442310079	-2.19576469008759	-2.19740820760266	-0.665325514730611	-2.37414234809805	475001.5
120	71	78	27	125	17.5693335650002	10.61318618623	12.524186465544	3.84411190805425	17.9732172011304	1.4059063287387	1.22871495006181	1.6543612552508	0.73614569969562	1.68893431736022	-2.68551074788969	-2.53300752475252	-2.58325298527172	-2.04933601415631	-2.62961340541145	477501.5
116	75	77	24	121	16.9836891128335	11.2111121685529	12.363619972396	3.41698836271489	17.3980742506942	1.65377945753668	1.66756274159684	1.86236718556956	0.795472039846049	1.81339292932793	-2.6310607937149	-2.44712895896557	-2.52622698182799	-1.90978162565146	-2.59631767826422	480001.5
129	82	81	21	122	18.8870335823752	12.2574826376178	13.005885944988	2.98986481737553	17.5418599883032	1.92066103453387	1.73314953986225	2.03968371633309	1.11708801851433	1.96748784403405	-2.62993418607558	-2.48151814859444	-2.51487730744214	-1.52477689686442	-2.57422471849613	482501.5
146	84	75	25	111	21.3760225040835	12.5564456287792	12.0424869861	3.55936287782801	15.9602168746038	1.91605898918038	1.74162627788788	1.8426488757104	1.08334968430056	1.81817446842914	-2.67745824519564	-2.49272711739201	-2.51533662593978	-1.74281647914149	-2.55851231192836	485001.5
141	82	62	21	92	20.6439669388752	12.2574826376178	9.95512257517601	2.98986481737553	13.228287860032	1.39158144360457	1.41639032239075	1.19189523103533	0.935647624078686	1.27054964600441	-2.73944291560057	-2.55620637250268	-2.58283955706208	-1.67250198709496	-2.58581738957769	487501.5
133	82	55	25	81	19.4726780345419	12.2574826376178	8.83115712314001	3.55936287782801	11.6466447463325	1.25029642804209	1.13531385514981	1.04012849023968	0.984086735592282	1.10793111811788	-2.74290534130636	-2.62248100939629	-2.56619234403455	-1.81268569600559	-2.56962624815153	490001.5
122	80	48	25	79	17.8621557910835	11.9585196464564	7.70719167110401	3.55936287782801	11.3590732711144	1.01780791462872	1.0831583697977	0.834840622683469	0.588936684023847	0.936962221221256	-2.75465376346984	-2.62460688108055	-2.56536442588848	-2.09082396417288	-2.60154187785318	492501.5
135	103	56	29	100	19.7655002606252	15.3965940448126	8.99172361628801	4.1288609382805	14.3785737609043	1.90025937453683	1.61416125424327	1.77346182357302	1.3759665937162	2.09373664576187	-2.65080238392728	-2.61818619275298	-2.33826275033847	-1.70746846482125	-2.45468012510031	495001.5
142	103	74	34	129	20.7903780519169	15.3965940448126	11.881920492952	4.8407335138461	18.5483601515665	3.08678672002371	2.09754135353099	2.89829503335804	2.26290342867205	3.30301560352494	-2.50195854742498	-2.52636066956431	-2.24358499485251	-1.39274957996517	-2.38854707126259	497501.5
177	110	88	34	160	25.9147670083753	16.4429645138775	14.129851397024	4.8407335138461	23.0057180174469	4.25697346969023	3.12597374565861	4.05455893254262	2.3062812869469	4.43822690366469	-2.47311879768317	-2.37591330772303	-2.13603146225073	-1.36931339841094	-2.36373134495304	500001.5
190	120	99	32	171	27.8181114779169	17.9377794696846	15.896082821652	4.55598448361986	24.5873611311463	4.53051726693345	3.52206502756902	4.35058067704472	2.75993258370437	4.65190626335424	-2.48223358070126	-2.36637430133971	-2.18806837519443	-1.02308093895405	-2.37962380132891	502501.5
152	81	82	21	134	22.2544891823336	12.1080011420371	13.166452438136	2.98986481737553	19.2672888396118	3.42329183340744	2.77362988835037	3.2112676056338	2.02895882071793	3.15835672129633	-2.49210828329826	-2.22652374304049	-2.25667642981868	-0.782350178971098	-2.43329531137123	505001.5
167	98	75	20	137	24.4506558779586	14.6491865669091	12.0424869861	2.84749030226241	19.6986460524389	2.97870164517563	2.94656907952829	2.54435384235236	1.34939249867935	2.61431227839183	-2.59419538491642	-2.33092292245914	-2.34229229091249	-1.26965828480255	-2.52625102343903	507501.5
148	100	73	17	136	21.6688447301669	14.9481495580705	11.721353999804	2.42036675692305	19.5548603148298	1.92157996146435	2.05282263603006	1.4669631826044	1.13988881342289	1.60733631313306	-2.68153616751784	-2.51959987611984	-2.59393642054484	-1.23793368016192	-2.6726637995748	510001.5
136	94	78	19	132	19.9119113736669	14.0512605845862	12.524186465544	2.70511578714929	18.9797173643937	2.53224396027864	2.57485823048094	2.3466271312083	1.05940180615299	2.39813820264948	-2.56049927478321	-2.37815707601725	-2.41873351452848	-1.45443035087561	-2.54115896871367	512501.5
174	124	105	26	172	25.4755336692503	18.5357054520074	16.85948178054	3.70173739294113	24.7311468687554	4.58033199940714	4.17466593410906	4.55329873980726	2.04223077503585	4.73294988623633	-2.42595799697863	-2.28437479317131	-2.20468669888985	-1.12994663587108	-2.37365763779694	515001.5
150	105	99	25	154	21.9616669562502	15.695557035974	15.896082821652	3.55936287782801	22.1430035917926	4.13505261597747	3.91345682161568	4.33012107734124	1.97370764470606	4.30330434380883	-2.38954735570884	-2.19753178235294	-2.19194581616838	-1.11611120560503	-2.35656992242083	517501.5
139	101	93	26	140	20.3511447127919	15.0976310536512	14.932683862764	3.70173739294113	20.130003265266	4.26127908700163	4.06283970723858	4.53540894489745	2.14090005785727	4.44039823059954	-2.32118272690731	-2.13574815270265	-2.09146960155596	-1.06276340021239	-2.27213452040438	520001.5
141	99	90	21	143	20.6439669388752	14.7986680624898	14.45098438332	2.98986481737553	20.5613604780931	3.65539499036609	3.54937896120715	3.73387694588584	1.74872839785677	3.7373502881628	-2.4173224186658	-2.21910085525166	-2.2241068293318	-1.01050810726083	-2.38715377782211	522501.5
122	78	70	15	126	17.8621557910835	11.659556655295	11.23965452036	2.13561772669681	18.1170029387394	1.96873425226026	2.29309499048329	1.72018779342723	1.10044524941514	1.78249771895176	-2.59914327211975	-2.31491568998774	-2.50483840420163	-1.10519622389443	-2.61764123928292	525001.5
135	89	78	18	133	19.7655002606252	13.3038531066827	12.524186465544	2.56274127203617	19.1235031020027	2.15802578923966	2.1441830347507	2.11010625154435	1.29446331094509	2.19360613515355	-2.61255561015314	-2.43545377389111	-2.47494355072045	-1.17107334504657	-2.57578707658352	527501.5
127	76	72	18	120	18.5942113562919	11.3605936641336	11.560787506656	2.56274127203617	17.2542885130852	1.78557136505113	1.62776916586543	1.71262663701507	1.3912912233039	1.72451866994676	-2.64488608844106	-2.4648516042195	-2.52368722717385	-1.08166661347933	-2.60781141801352	530001.5
108	69	61	21	109	15.8124002085002	10.3142231950686	9.79455608202801	2.98986481737553	15.6726453993857	1.48732029049948	1.17907109079136	1.41433160365703	1.52483586144442	1.44951087395909	-2.63232305208046	-2.53237701004745	-2.50762066544977	-1.19279687072133	-2.61820239887753	532501.5
90	59	61	23	98	13.1770001737501	8.81940823926158	9.79455608202801	3.27461384760177	14.0910022856862	1.12965021491033	0.802582265565214	1.56975537435137	1.45233818831283	1.3006594828084	-2.6324019946831	-2.56993944447804	-2.46111309750799	-1.37571804653611	-2.60517456495843	535001.5
88	58	57	18	87	12.8841779476668	8.66992674368087	9.15229010943601	2.56274127203617	12.5093591719867	0.807862753816511	0.510625355650178	1.01571534469978	1.01318642618167	0.704514743078895	-2.69538094851363	-2.65719262213908	-2.59291250163158	-1.43079232813194	-2.69110584545952	537501.5
98	73	67	17	98	14.3482890780835	10.9121491773914	10.757955040916	2.42036675692305	14.0910022856862	1.2504668741663	1.03718383925593	1.59807264640474	0.724131512087138	1.34121016827784	-2.64002528801529	-2.59704130789318	-2.51119408592177	-1.63987732058878	-2.59691508231557	540001.5
114	74	75	20	112	16.6908668867502	11.0616306729722	12.0424869861	2.84749030226241	16.1040026122128	1.39139617607826	1.03287679296745	1.66177415369409	1.06797474404447	1.4963329983946	-2.66988398462902	-2.60409675080907	-2.55994133515873	-1.50816366329528	-2.62022505659851	542501.5
125	88	80	23	128	18.3013891302085	13.154371611102	12.84531945184	3.27461384760177	18.4045744139575	2.12727137987254	1.89761199301454	2.11653076352854	1.27623072472518	1.9592067726921	-2.58412202179304	-2.48304392738602	-2.48949477162751	-1.50866951002752	-2.59588082394389	545001.5
139	86	83	29	133	20.3511447127919	12.8554086199406	13.327018931284	4.1288609382805	19.1235031020027	2.68042092781977	2.78949433903028	2.59555226093403	1.55980177596659	2.46514904773454	-2.54924309348376	-2.26913996965108	-2.40489697955074	-1.5934456447893	-2.53447337418276	547501.5
134	84	81	31	132	19.6190891475835	12.5564456287792	13.005885944988	4.41360996850674	18.9797173643937	2.23614939973321	2.49804760316308	2.06948356807512	1.46572082610117	2.07528036681566	-2.59776038751631	-2.31837820887033	-2.50804331246844	-1.72612257730067	-2.5906375543867	550001.5
120	87	74	30	119	17.5693335650002	13.0048901155213	11.881920492952	4.27123545339362	17.1105027754761	2.90168222913888	3.42355238113926	2.75245861131702	1.51160415566121	2.5963295335112	-2.4369915323642	-2.13643638016362	-2.28000641621139	-1.6623729497392	-2.45687140675615	552501.5
111	87	68	32	115	16.2516335476252	13.0048901155213	10.918521534064	4.55598448361986	16.5353598250399	2.69364902919816	3.10461511292506	2.42055843834939	1.27617035192313	2.61121698254854	-2.42705228752231	-2.20755266910912	-2.29764068592615	-1.8682730279726	-2.4353456026052	555001.5
97	89	68	36	123	14.2018779650418	13.3038531066827	10.918521534064	5.12548254407234	17.6856457259123	2.1972950941159	2.23035339363852	2.01843340746232	1.53045053203532	2.27016850882968	-2.44334880791626	-2.41664820666572	-2.4063654263597	-1.84725027528569	-2.52810857142152	557501.5
107	81	70	33	117	15.6659890954585	12.1080011420371	11.23965452036	4.69835899873298	16.822931300258	2.29948125092634	2.04369836940525	2.04383493946133	1.6339295147536	2.07720915191204	-2.47806832613888	-2.40063400859083	-2.41967777240879	-1.69941499646055	-2.53687461447055	560001.5
113	80	74	33	111	16.5444557737085	11.9585196464564	11.881920492952	4.69835899873298	15.9602168746038	1.66090114124796	1.25633302592077	1.31178650852483	1.44213518476593	1.38437106591363	-2.61927241660588	-2.58281375048682	-2.63980217204127	-1.80577677189743	-2.63699399897293	562501.5
130	83	75	25	104	19.0334446954169	12.4069641331985	12.0424869861	3.55936287782801	14.9537167113405	1.3576774862902	0.995506543963267	1.07452433901656	1.1220989610847	0.880403774412991	-2.71963914333252	-2.66012572953947	-2.70476039517206	-1.71554163330837	-2.7091262153625	565001.5
134	86	71	18	89	19.6190891475835	12.8554086199406	11.400221013508	2.56274127203617	12.7969306472048	1.27009041055284	0.956232953319075	0.915344699777613	0.587447488239881	0.731702528209926	-2.74213123678001	-2.68240860765492	-2.72238109033974	-1.82390136058974	-2.69210002451738	567501.5
111	86	63	21	90	16.2516335476252	12.8554086199406	10.115689068324	2.98986481737553	12.9407163848139	1.05043723136209	1.01700253124816	0.848035581912528	0.483968505521596	0.754917247034637	-2.72120817384902	-2.66870943693187	-2.69109371490589	-2.04024996709488	-2.69045889555937	570001.5
105	82	56	19	86	15.3731668693752	12.2574826376178	8.99172361628801	2.70511578714929	12.3655734343777	0.954209278197718	0.98170241155348	0.826488757104028	0.336316755968103	0.83731217444533	-2.72169783918775	-2.65870084219476	-2.64502245378024	-2.09347021770389	-2.65685612171394	572501.5
91	73	49	18	77	13.3234112867918	10.9121491773914	7.86775816425201	2.56274127203617	11.0715017958963	0.741336890469838	0.77044130055138	0.633061527057079	0.431393857067391	0.689754339766467	-2.72065273862543	-2.66719258112477	-2.65013134800966	-1.96799457475126	-2.65451039538282	575001.5
79	65	43	13	78	11.5664779302918	9.71629721274581	6.90435920536401	1.85086869647057	11.2152875335054	0.746539202608567	0.865892902694111	0.624907338769459	0.431242925062259	0.681785107931118	-2.67328251395336	-2.59372247391102	-2.59100443058545	-1.69378255332024	-2.66094466877255	577501.5
115	88	60	14	97	16.8372779997918	13.154371611102	9.63398958888001	1.99324321158369	13.9472165480772	2.19408626056025	2.10933422286757	1.77143563133185	1.00758181772445	1.78390677153714	-2.53410339435226	-2.43634171334172	-2.38915457310423	-1.11060004879724	-2.50168047841007	580001.5
119	94	63	13	98	17.4229224519585	14.0512605845862	10.115689068324	1.85086869647057	14.0910022856862	2.19622795316437	2.14130840021192	1.72354830738819	1.19180942318819	1.667879375859	-2.55023841916595	-2.46799791331514	-2.43686681741752	-0.786336174766822	-2.53037813925928	582501.5
117	96	75	17	109	17.1301002258752	14.3502235757477	12.0424869861	2.42036675692305	15.6726453993857	2.33943234029939	2.12053842984126	1.89651593773165	1.35725102507987	1.90250973054757	-2.51774296314255	-2.48410432906265	-2.50205270980626	-1.02779339311478	-2.53481412107643	585001.5
111	99	75	22	111	16.2516335476252	14.7986680624898	12.0424869861	3.13223933248865	15.9602168746038	2.22323995850007	2.09654062751408	1.97108969607116	1.37930722209645	1.91329706755368	-2.51126151563858	-2.50569628006593	-2.48366240756271	-1.37328390827989	-2.54130317522711	587501.5
89	81	61	18	99	13.0305890607085	12.1080011420371	9.79455608202801	2.56274127203617	14.2347880232953	1.00572106121239	0.849125836391107	0.859402026192241	0.802907956632204	0.795121444163404	-2.65539382888579	-2.68557490447491	-2.67367264650488	-1.62495442688411	-2.71118120190719	590001.5
118	95	70	25	130	17.2765113389168	14.2007420801669	11.23965452036	3.55936287782801	18.6921458891756	1.2528753520083	0.916400133430136	1.12789720780825	0.469690337836138	1.13599667371193	-2.70549116947731	-2.72529149684116	-2.6606866515733	-2.17475909737678	-2.73026827358316	592501.5
126	100	70	31	133	18.4478002432502	14.9481495580705	11.23965452036	4.41360996850674	19.1235031020027	1.21564398992145	0.964954967329239	1.12295527551273	0.367459059693608	1.11739024981809	-2.73218688782123	-2.73215681708491	-2.66198701241913	-2.36920457231601	-2.73952717343639	595001.5
124	103	73	33	131	18.1549780171668	15.3965940448126	11.721353999804	4.69835899873298	18.8359316267846	1.19991848228842	1.07658497341208	1.1353595255745	0.710195456946646	1.11098021551575	-2.72985148248707	-2.72030711852936	-2.67781841982587	-2.21168245726699	-2.7363040732272	597501.5
108	98	66	33	121	15.8124002085002	14.6491865669091	10.597388547768	4.69835899873298	17.3980742506942	1.37664888098414	1.70072405470636	1.36945885841364	0.700747113425402	1.58406384625157	-2.65265961593498	-2.5790698630321	-2.56568233244745	-2.21692214601025	-2.63452257576925	600001.5
91	92	65	25	104	13.3234112867918	13.7522975934248	10.43682205462	3.55936287782801	14.9537167113405	1.73158440788499	1.99085611129643	1.81245366938473	0.669081578748774	1.79855167873601	-2.5065290945179	-2.48744276967388	-2.43232552233882	-2.03441156555934	-2.53238186466631	602501.5
83	90	57	25	93	12.1521223824585	13.4533346022634	9.15229010943601	3.55936287782801	13.372073597641	1.62926485845561	1.91640013343014	1.61813689152459	0.664231630317209	1.64666273979881	-2.48188009143893	-2.49129837775908	-2.40093658975474	-2.03782534787343	-2.50977439682222	605001.5
84	81	53	20	87	12.2985334955001	12.1080011420371	8.51002413684401	2.84749030226241	12.5093591719867	1.77550022232103	1.70161685929007	2.06518408697801	0.293240761703519	2.07243916242218	-2.45407846413408	-2.48223057076162	-2.19658715317443	-2.1647612611588	-2.37926527668193	607501.5
89	84	59	20	91	13.0305890607085	12.5564456287792	9.47342309573201	2.84749030226241	13.0845021224229	1.96079739143323	1.5801856248651	2.2978996787744	0.293240761703519	2.10960581176443	-2.44448891138569	-2.5299378631828	-2.21469236795002	-2.1647612611588	-2.39793546202917	610001.5
67	69	49	21	75	9.80954457379177	10.3142231950686	7.86775816425201	2.98986481737553	10.7839303206782	1.45555061508819	1.33394815846791	1.6201136644428	0.726546424169245	1.61850478731391	-2.40758477266306	-2.48944317368757	-2.28856569535224	-1.84274794428666	-2.40194887043564	612501.5
67	68	51	18	84	9.80954457379177	10.1647416994879	8.18889115054801	2.56274127203617	12.0780019591596	2.26172372906477	2.01818966701332	2.11060044477391	1.40915151057782	2.06334961828534	-2.17524918289187	-2.28927514108261	-2.14629215253235	-1.0651751920378	-2.35974890977108	615001.5
60	62	46	16	83	8.78466678250009	9.26785272600369	7.38605868480801	2.27799224180993	11.9342162215506	2.05115606936416	1.93012577752487	1.46587595749938	1.4059618142027	1.59137475023965	-2.14942188151214	-2.2467898961793	-2.29750127329351	-0.884782978683489	-2.46470049578431	617501.5
61	69	45	20	85	8.93107789554175	10.3142231950686	7.22549219166001	2.84749030226241	12.2217876967687	1.77065362383281	2.01070384396523	1.20934025203855	1.69088119135663	1.38673873624153	-2.25107789258731	-2.30183813768933	-2.38195089534525	-0.980241968466526	-2.52476627784836	620001.5
75	75	51	25	95	10.9808334781251	11.2111121685529	8.18889115054801	3.55936287782801	13.6596450728591	1.89470875944864	1.880599650727	1.42836669137633	1.85797298317108	1.58359031218599	-2.35699638385879	-2.3925026594267	-2.38719424524057	-1.19757453377238	-2.53327157225148	622501.5
76	71	49	18	83	11.1272445911668	10.61318618623	7.86775816425201	2.56274127203617	11.9342162215506	2.21252408477842	2.18507544689284	1.7320484309365	0.945055719065228	1.93823267847037	-2.28402071402754	-2.27487168801909	-2.24756303159271	-1.49370129409284	-2.38204420543622	625001.5
74	75	56	25	83	10.8344223650834	11.2111121685529	8.99172361628801	3.55936287782801	11.9342162215506	2.98394101081962	3.66904420854345	2.68712626637015	1.55846351218776	2.72463416606031	-2.06220780442828	-1.93391495026942	-2.04229294566092	-1.40839329800724	-2.19464462653667	627501.5
62	59	45	23	76	9.07748900858342	8.81940823926158	7.22549219166001	3.27461384760177	10.9277160582873	2.66625907810879	3.010929497871	2.30298986903879	1.7833018891656	2.33104651028493	-1.98547803639087	-1.86201355485195	-1.94894659117343	-1.12585862834622	-2.22515204581057	630001.5
61	65	45	20	77	8.93107789554175	9.71629721274581	7.22549219166001	2.84749030226241	11.0715017958963	2.48518600859641	3.1314483056335	2.18151717321473	1.64553115488139	2.18702285668087	-2.02644482702524	-1.9297729232876	-1.99704078817543	-1.01867674180987	-2.27167360806702	632501.5
51	56	43	24	70	7.46696676512507	8.37096375251947	6.90435920536401	3.41698836271489	10.065001632633	2.05506891951979	2.84014873535702	2.26360266864344	3.02301713078258	2.14558285113706	-2.00527636290471	-1.86034629085155	-1.91485196532485	-0.287009092110558	-2.21343338314184	635001.5
67	59	49	20	84	9.80954457379177	8.81940823926158	7.86775816425201	2.84749030226241	12.0780019591596	1.61029346376167	1.62456095598768	1.66162589572523	2.41280909616884	1.64347504706467	-2.3629885558132	-2.30643921808319	-2.27335940945467	-0.368398240251517	-2.45868380316071	637501.5
73	62	56	21	82	10.6880112520418	9.26785272600369	8.99172361628801	2.98986481737553	11.7904304839415	1.58581591818586	1.68397661048211	1.71786508524833	1.91256005836038	1.65360405622351	-2.42163093647428	-2.32216002992068	-2.35627259619861	-0.877119691159811	-2.44329931722251	640001.5
68	58	54	21	75	9.95595568683343	8.66992674368087	8.67059062999201	2.98986481737553	10.7839303206782	1.79985919668001	1.75643113631458	2.06953298739807	1.5752069026237	2.00023099222711	-2.31838120019408	-2.25147823906019	-2.21138841636134	-1.1517857903257	-2.30191130825489	642501.5
80	64	56	23	82	11.7128890433334	9.5668157171651	8.99172361628801	3.27461384760177	11.7904304839415	1.16911960871498	1.10092616211761	1.26809982703237	0.309953965738435	1.32772022221452	-2.57444627630447	-2.51702183625965	-2.50196824701917	-2.23815539681437	-2.52184774209746	645001.5
86	70	51	26	85	12.5913557215835	10.4637046906493	8.18889115054801	3.70173739294113	12.2217876967687	1.32051282051282	1.18086651099818	1.30625154435384	0.771353105426006	1.38530658443343	-2.57079861070013	-2.53899342524036	-2.43031406205201	-1.99527849528357	-2.52509999563801	647501.5
87	71	56	22	94	12.7377668346251	10.61318618623	8.99172361628801	3.13223933248865	13.51585933525	1.3654957759004	1.15641740085945	1.38304917222634	0.758674816994944	1.47950521464953	-2.56578480099144	-2.55252170211448	-2.46473189015634	-1.85950039654551	-2.55037766911839	650001.5
89	68	55	26	101	13.0305890607085	10.1647416994879	8.83115712314001	3.70173739294113	14.5223594985133	1.138669038091	1.06804936915017	1.12646404744255	0.655588257490001	1.22254946121063	-2.62603556587773	-2.55627553042134	-2.53775532289765	-2.07410198358187	-2.63248364917481	652501.5
83	64	50	24	104	12.1521223824585	9.5668157171651	8.02832465740001	3.41698836271489	14.9537167113405	1.1493478583074	1.02076997037066	1.08569310600445	0.568248937187131	1.10317267823938	-2.59507144136399	-2.54085334074912	-2.49647731282545	-2.07531426132341	-2.66624298807776	655001.5
75	64	48	22	87	10.9808334781251	9.5668157171651	7.70719167110401	3.13223933248865	12.5093591719867	1.3402549281162	1.17530365166886	1.1418828762046	0.51429577641939	1.11867225667856	-2.50082510247422	-2.49490841697755	-2.45074931544403	-2.05095208024375	-2.59669191967666	657501.5
110	72	57	30	99	16.1052224345835	10.7626676818107	9.15229010943601	4.27123545339362	14.2347880232953	1.93617163183637	1.31353138551498	1.27739065974796	0.573954166981108	1.30218403150734	-2.55845520832454	-2.51733068473069	-2.50952345705505	-2.22720346850664	-2.60889156942985	660001.5
131	89	65	27	110	19.1798558084585	13.3038531066827	10.43682205462	3.84411190805425	15.8164311369947	2.23817993182155	1.57905735533622	1.33837410427477	0.6939451110608	1.50954575378539	-2.58755915128074	-2.55878515015772	-2.56602990210655	-2.07716230965313	-2.61078053795929	662501.5
145	106	86	22	126	21.2296113910419	15.8450385315547	13.808718410728	3.13223933248865	18.1170029387394	2.6956795612865	1.88350371838393	1.58161601186064	0.742404346841748	1.81355462388691	-2.56701621949504	-2.58058831629488	-2.64940479896258	-1.87224702529917	-2.61266430034117	665001.5
161	104	90	23	159	23.5721891997086	15.5460755403933	14.45098438332	3.27461384760177	22.8619322798378	2.43560100785534	1.67591193611051	1.6065233506301	0.49772344225593	1.87020546758602	-2.6458124216459	-2.61069923565354	-2.66559364722869	-2.0963997540185	-2.68860385493739	667501.5
165	114	84	24	156	24.1578336518752	17.0408904962003	13.487585424432	3.41698836271489	22.4305750670107	2.26145694382689	1.9931518945117	1.67111440573264	1.06560008049707	1.89785523717127	-2.67654125309753	-2.5945411630495	-2.61817886889309	-1.71299262834169	-2.67869793985383	670001.5
161	108	88	23	161	23.5721891997086	16.1440015227161	14.129851397024	3.27461384760177	23.1495037550559	2.20044464206314	1.83671487157349	1.60667160859896	0.932930847986316	1.68283612256448	-2.67524856469768	-2.59773138987129	-2.65500045083557	-1.76784206352997	-2.7163870678842	672501.5
168	115	81	30	160	24.5970669910002	17.190371991781	13.005885944988	4.27123545339362	23.0057180174469	2.1388246628131	2.11091380020799	1.63232023721275	1.09907679923528	1.64389083307347	-2.69769990397027	-2.5783643059793	-2.60829790539932	-1.91087510251351	-2.71946383018291	675001.5
174	127	94	31	146	25.4755336692503	18.9841499387495	15.093250355912	4.41360996850674	20.9927176909203	2.01911219801393	2.3393147970096	1.71302199159872	1.17544839383191	1.45073513276278	-2.72331869047111	-2.58754016902659	-2.66423628121083	-1.89609023032411	-2.717854306354	677501.5
178	125	102	28	158	26.0611781214169	18.6851869475881	16.377782301096	3.98648642316737	22.7181465422288	1.99039573143619	2.15176696819261	1.87249814677539	0.619274017055317	1.76449187484841	-2.73366533761101	-2.60972048741199	-2.67171408746064	-2.1523435299259	-2.70015243985865	680001.5
157	117	89	30	137	22.9865447475419	17.4893349829425	14.290417890172	4.27123545339362	19.6986460524389	1.6334000296428	2.08239310872594	1.65658512478379	0.779201569692853	1.62593118741554	-2.73879862754335	-2.59121474120246	-2.64986856626637	-2.10356458582235	-2.6724023908643	682501.5
137	99	76	29	118	20.0583224867085	14.7986680624898	12.203053479248	4.1288609382805	16.9667170378671	1.20517266933452	1.58640582383298	1.43523597726711	0.527477171534224	1.41734520633381	-2.75805949579905	-2.60632846837135	-2.62247413502855	-2.23373963609623	-2.65344495911218	685001.5
122	81	58	25	107	17.8621557910835	12.1080011420371	9.31285660258401	3.55936287782801	15.3850739241676	1.17428486734845	1.26681121598022	1.0458611317025	0.285170930495812	1.31241698716838	-2.72906418114423	-2.58594458235667	-2.59235748667451	-2.30463864110248	-2.6366337022827	687501.5
112	91	62	28	116	16.3980446606668	13.6028160978441	9.95512257517601	3.98648642316737	16.679145562649	2.40357195790722	2.85606224123384	2.17583395107487	0.845873267426358	2.55536306203296	-2.48381761454381	-2.29650622101267	-2.29283728415034	-2.00749985165456	-2.44990239264755	690001.5
133	102	72	28	133	19.4726780345419	15.2471125492319	11.560787506656	3.98648642316737	19.1235031020027	2.66280569141841	3.10628298961992	2.45693106004448	0.784454003471436	2.72216254923022	-2.53028883009371	-2.32787500981129	-2.33295196295626	-2.04675943478814	-2.49537023864943	692501.5
141	108	86	24	140	20.6439669388752	16.1440015227161	13.808718410728	3.41698836271489	20.130003265266	2.71239069215948	3.35293251967113	2.62984927106499	1.24433376097401	2.7823822228382	-2.55150352805287	-2.32243627107073	-2.42227050853368	-1.58278466591849	-2.51224479713179	695001.5
153	113	101	26	156	22.4009002953752	16.8914090006196	16.217215807948	3.70173739294113	22.4305750670107	2.93303690529124	3.44044699095422	2.87230046948357	1.25383241516364	2.97787094464271	-2.56008769832585	-2.33885947697915	-2.48123827010516	-1.66676165357095	-2.53779912690606	697501.5
140	90	85	24	127	20.4975558258335	13.4533346022634	13.64815191758	3.41698836271489	18.2607886763485	2.19658366681488	2.48449855777721	2.15883370397826	1.16429954971952	1.9677072866498	-2.62199081125034	-2.36862257624467	-2.51730195988839	-1.64108980205057	-2.59127472853448	700001.5
127	83	77	21	124	18.5942113562919	12.4069641331985	12.363619972396	2.98986481737553	17.8294314635213	2.08131021194605	2.13874771893334	1.9466271312083	1.07831861746283	1.9085848261206	-2.59835076123008	-2.39362469399467	-2.50595704332818	-1.55634215710501	-2.59080163161642	702501.5
122	87	67	32	123	17.8621557910835	13.0048901155213	10.757955040916	4.55598448361986	17.6856457259123	2.02080924855491	1.99861664344721	1.79570051890289	0.961376499886801	1.84927757180971	-2.59062714637966	-2.45416701797177	-2.45701413870673	-2.04758833046104	-2.59713387440304	705001.5
117	96	61	32	117	17.1301002258752	14.3502235757477	9.79455608202801	4.55598448361986	16.822931300258	1.70269749518304	1.90544120244099	1.71064986409686	0.964525947727216	1.74184308698012	-2.62613121768802	-2.52779506577252	-2.41895313687141	-2.04579431768563	-2.59457146024871	707501.5
121	104	75	33	126	17.7157446780418	15.5460755403933	12.0424869861	4.69835899873298	18.1170029387394	1.35374240403142	1.41113160528226	1.48485297751421	1.27099841521395	1.55163253756511	-2.69696882752095	-2.66053727845038	-2.60357107805595	-1.90068265703621	-2.65463790440261	710001.5
111	99	72	36	122	16.2516335476252	14.7986680624898	11.560787506656	5.12548254407234	17.5418599883032	1.17183933600119	1.30799795930381	1.47022485791945	1.28361633084296	1.5117517295543	-2.69947564750088	-2.66124883931417	-2.58580504610934	-1.97408212117075	-2.64955148994719	712501.5
119	94	81	27	135	17.4229224519585	14.0512605845862	13.005885944988	3.84411190805425	19.4110745772208	1.44935526900845	1.19278692384671	1.84042500617742	1.10916911931175	1.85915248951873	-2.6753281695061	-2.66455193705633	-2.56057327383342	-1.80337120093307	-2.63237387002318	715001.5
105	85	81	31	122	15.3731668693752	12.7059271243599	13.005885944988	4.41360996850674	17.5418599883032	1.93199199644286	1.41133763710928	2.04101803805288	1.28083918194853	2.04781539101209	-2.53713324118441	-2.57439588245124	-2.51457130766719	-1.83437915164387	-2.56094770449572	717501.5
92	86	69	22	112	13.4698223998335	12.8554086199406	11.079088027212	3.13223933248865	16.1040026122128	1.95057062398103	1.53147381433589	1.9349147516679	0.801489195783966	1.98891237309865	-2.46520152911023	-2.55273315111092	-2.43877297663431	-1.82595871111149	-2.53186949721878	720001.5
119	95	85	22	115	17.4229224519585	14.2007420801669	13.64815191758	3.13223933248865	16.5353598250399	2.33076923076923	1.83901065478877	2.32947862614282	0.862958770407265	2.23964288601689	-2.52770481312697	-2.53601734093369	-2.47991377122274	-1.77780215263525	-2.50033425952051	722501.5
116	96	75	26	103	16.9836891128335	14.3502235757477	12.0424869861	3.70173739294113	14.8099309737314	2.08001333926189	1.889831838785	1.91776624660242	1.30403240007043	1.90583601861797	-2.5579065951334	-2.53096565335259	-2.49681226582699	-1.63258082931017	-2.50698767481314	725001.5
133	102	83	23	120	19.4726780345419	15.2471125492319	13.327018931284	3.27461384760177	17.2542885130852	1.8445753668297	1.69866373643624	1.90333580429948	1.21963122280079	1.9207003684326	-2.65345211227043	-2.59777103847444	-2.56002109416549	-1.55139902563369	-2.57486792442126	727501.5
142	95	83	27	128	20.7903780519169	14.2007420801669	13.327018931284	3.84411190805425	18.4045744139575	1.42338076182007	1.2285089182348	1.54049913516185	0.924106356752949	1.47242530288856	-2.73703925375984	-2.66126217414471	-2.64133195655583	-1.92539819825724	-2.67271867339053	730001.5
147	94	91	27	158	21.5224336171252	14.0512605845862	14.611550876468	3.84411190805425	22.7181465422288	1.98401511783015	1.77908482624649	2.17736595008648	1.82566347193922	2.20912881281545	-2.67059928649097	-2.54305841824925	-2.55348203105919	-1.33092794307843	-2.64285515535333	732501.5
152	95	95	21	172	22.2544891823336	14.2007420801669	15.25381684906	2.98986481737553	24.7311468687554	2.16762264710242	2.02655848360575	2.37435137138621	1.20342112544965	2.35144312393888	-2.65828271832172	-2.49754178036958	-2.53880259194918	-1.4544862317037	-2.65632720649525	735001.5
142	94	89	21	174	20.7903780519169	14.0512605845862	14.290417890172	2.98986481737553	25.0187183439735	1.95428338520824	2.0745050330632	2.47625401531999	1.13181898221518	2.39793030964508	-2.66200948541881	-2.4818410058963	-2.47794806770406	-1.51278324490693	-2.65501155163219	737501.5
168	115	96	23	189	24.5970669910002	17.190371991781	15.414383342208	3.27461384760177	27.1755044081091	2.17226915666222	2.27647508977101	2.62589572522856	1.16107966694338	2.74097686612845	-2.6936825277871	-2.55005577433061	-2.49583553441505	-1.59560223475587	-2.64662307416594	740001.5
150	113	77	18	157	21.9616669562502	16.8914090006196	12.363619972396	2.56274127203617	22.5743608046197	1.39459759893286	1.449159193925	1.63044230294045	0.250939551731945	1.74014529411085	-2.75688839503475	-2.6851055173834	-2.58201983894214	-2.13461832243149	-2.70129360232723	742501.5
148	111	83	23	144	21.6688447301669	16.5924460094582	13.327018931284	3.27461384760177	20.7051462157022	2.39927375129687	2.74389262798501	3.08322213985668	1.2146303423641	3.19441460794844	-2.6166687952798	-2.44947059706379	-2.29561128218383	-1.55517441572369	-2.4679592603768	745001.5
153	105	73	23	138	22.4009002953752	15.695557035974	11.721353999804	3.27461384760177	19.8424317900479	2.28952867941307	2.54146145242627	2.59940696812454	1.19582421452469	2.82784149313376	-2.64471113438721	-2.45342872552786	-2.30747501763504	-1.56937200944243	-2.49838910976915	747501.5
111	72	56	17	112	16.2516335476252	10.7626676818107	8.99172361628801	2.42036675692305	16.1040026122128	1.93814287831629	2.19512195121951	2.24971583889301	1.08926621890172	2.37424205675479	-2.56229753206753	-2.28246742180082	-2.18398640851256	-1.28687432381224	-2.4627516626251	750001.5
122	88	75	17	127	17.8621557910835	13.154371611102	12.0424869861	2.42036675692305	18.2607886763485	2.15077071290944	2.69377783882425	2.4993328391401	1.217950846477	2.59605234283866	-2.56937379543274	-2.30742369246038	-2.35339471990114	-1.16246528154551	-2.49134184131947	752501.5
115	95	66	12	131	16.8372779997918	14.2007420801669	10.597388547768	1.70849418135745	18.8359316267846	0.982406995701793	1.26807684006044	0.917173214726958	0.254260055844842	1.12124782001086	-2.74379268836851	-2.65314478893049	-2.6914333214873	-1.8442894849777	-2.73471900326846	755001.5
137	116	86	22	160	20.0583224867085	17.3398534873617	13.808718410728	3.13223933248865	23.0057180174469	2.05466874166296	2.50074563899299	1.72982456140351	0.364581289462431	2.12852407516487	-2.63378526408577	-2.51631908524342	-2.61729053103573	-2.16824156028435	-2.6577676765067	757501.5
151	131	99	29	174	22.1080780692919	19.5820759210723	15.896082821652	4.1288609382805	25.0187183439735	2.18440047428487	2.7097207778192	1.86271312083024	0.405574422056197	2.18614508621785	-2.65355734367538	-2.54584501889286	-2.659561451307	-2.30934918534018	-2.67986887374718	760001.5
154	126	100	31	178	22.5473114084169	18.8346684431688	16.0566493148	4.41360996850674	25.5938612944096	2.82372165406847	2.90541176932284	2.54919693600198	0.349810077226876	2.66524606446993	-2.57743336951703	-2.49518247498912	-2.53544357917376	-2.37953885072016	-2.6324509858604	762501.5
158	126	109	33	181	23.1329558605836	18.8346684431688	17.501747753132	4.69835899873298	26.0252185072368	2.89650955980436	2.88491650805486	2.86666666666667	0.735612406610822	2.75042444821732	-2.57967338167344	-2.49839288321991	-2.52969558166914	-2.19758719234104	-2.62919228436245	765001.5
137	106	94	23	162	20.0583224867085	15.8450385315547	15.093250355912	3.27461384760177	23.293289492665	2.00453534904402	1.86776681121598	2.17222634049914	0.695414182577416	1.89652703186538	-2.64111936374067	-2.58349705658137	-2.57280070526107	-1.94715410190928	-2.69136699965675	767501.5
130	109	89	21	152	19.0334446954169	16.2934830182968	14.290417890172	2.98986481737553	21.8554321165745	2.36473988439306	2.16425642132528	2.38038052878676	0.850270419842528	2.08671448205768	-2.5646899247071	-2.54291827021807	-2.49805694068193	-1.74201437566007	-2.6445714692413	770001.5
112	96	74	18	140	16.3980446606668	14.3502235757477	11.881920492952	2.56274127203617	20.130003265266	1.44092930191196	1.64370229382101	1.50714109216704	0.686640002012427	1.43287943360706	-2.65467283976432	-2.5809597015117	-2.59101400578182	-1.73231125773306	-2.70767685969928	772501.5
125	89	76	22	152	18.3013891302085	13.3038531066827	12.203053479248	3.13223933248865	21.8554321165745	1.97937601897139	1.74996566136216	1.75715344699778	0.911055769375896	1.89518727694813	-2.60775111024936	-2.52148662105989	-2.54407196691721	-1.74012195137212	-2.67019313027063	775001.5
119	87	78	23	143	17.4229224519585	13.0048901155213	12.524186465544	3.27461384760177	20.5613604780931	2.08442270638802	1.72649765516159	1.85317519149988	1.40393932533394	1.88555490107758	-2.56896408781425	-2.51484381722711	-2.53600413955499	-1.41225653010334	-2.64990447186769	777501.5
131	91	90	25	168	19.1798558084585	13.6028160978441	14.45098438332	3.55936287782801	24.1560039183192	2.41132355120794	2.44988521083924	2.64492216456635	1.73087817271652	2.70652437545477	-2.56111434380766	-2.38330341480528	-2.45009614408911	-1.28703404499493	-2.60464252995253	780001.5
140	90	100	31	175	20.4975558258335	13.4533346022634	16.0566493148	4.41360996850674	25.1625040815825	3.71841559211501	3.52772599729215	4.07155917963924	1.86080044273388	3.87330076342931	-2.40395707567974	-2.14334689016719	-2.24968550521858	-1.49478557202085	-2.4848727446733	782501.5
137	91	94	28	161	20.0583224867085	13.6028160978441	15.093250355912	3.98648642316737	23.1495037550559	3.79597598932859	3.90003531974177	4.2809982703237	3.0149774859759	4.1374865735768	-2.37904645194829	-2.07341646745992	-2.15290752173199	-0.620994675427573	-2.40577617776105	785001.5
125	91	92	27	149	18.3013891302085	13.6028160978441	14.772117369616	3.84411190805425	21.4240749037474	4.85889284126278	4.90195828346055	5.37726711144057	2.94831585037607	5.08631024566023	-2.14769369336477	-1.85931252967034	-1.90937103908149	-0.590671519336965	-2.22806417917463	787501.5
103	78	76	25	118	15.0803446432918	11.659556655295	12.203053479248	3.55936287782801	16.9667170378671	5.19873277012005	5.16793556109334	5.71677786014332	3.14888436092874	5.34499844080247	-1.89971289343384	-1.60440047289991	-1.57971567038902	-0.288927670278864	-1.98320491410878	790001.5
83	67	57	21	102	12.1521223824585	10.0152602039072	9.15229010943601	2.98986481737553	14.6661452361224	3.88636431006373	3.81071561721249	4.13703978255498	3.02530123512691	4.14439324116743	-1.94952942712878	-1.7677777534404	-1.59822844961018	0.0288516128178188	-2.06320125553695	792501.5
78	67	60	23	103	11.4200668172501	10.0152602039072	9.63398958888001	3.27461384760177	14.8099309737314	4.17385504668742	3.99798873692679	4.45584383493946	2.52159082333409	4.28820900176709	-1.81186082842631	-1.71442053274151	-1.57345700583086	-0.568491028600185	-2.04414392433408	795001.5
99	71	74	23	122	14.4947001911251	10.61318618623	11.881920492952	3.27461384760177	17.5418599883032	3.43703127315844	3.38141396699566	3.93827526562886	2.81522400825095	3.84306388090041	-2.20741547362368	-1.95196223501841	-1.9838586678189	-0.346814099814545	-2.26421837276379	797501.5
104	63	78	21	133	15.2267557563335	9.4173342215844	12.524186465544	2.98986481737553	19.1235031020027	2.84355269008448	2.46114828404921	3.11776624660242	2.56608557844691	3.14785812457411	-2.35883656152092	-2.09860878923156	-2.23546953526824	-0.34503246370954	-2.43060308952403	800001.5
121	80	93	26	151	17.7157446780418	11.9585196464564	14.932683862764	3.70173739294113	21.7116463789655	3.84009189269305	3.88291505602104	4.47615517667408	3.56161296002817	4.38685423235508	-2.28714080323969	-1.94892719770448	-2.10338882616008	-0.095409762073258	-2.33245390006641	802501.5
110	68	93	23	153	16.1052224345835	10.1647416994879	14.932683862764	3.27461384760177	21.9992178541836	2.80165258633467	3.22927417930656	3.51964418087472	2.74007999396272	3.36676945820773	-2.40217838452259	-1.94894641591262	-2.2957963259205	-0.403543703822877	-2.47682924116158	805001.5
83	50	72	19	127	12.1521223824585	7.47407477903524	11.560787506656	2.70511578714929	18.2607886763485	2.41083444493849	2.63424445185723	2.91218186310848	1.9374235906724	2.79023595855999	-2.29754214023685	-1.80596584800087	-2.21628950668029	-0.678462262324828	-2.46045860419084	807501.5
81	62	71	20	115	11.8593001563751	9.26785272600369	11.400221013508	2.84749030226241	16.5353598250399	4.82547057951682	2.95518317210525	4.42624166048925	2.21346816592458	4.56684337572041	-1.69749238166603	-1.932920408623	-1.81078240190734	-0.537342392615624	-2.09330471787541	810001.5
66	49	64	19	91	9.6631334607501	7.32459328345453	10.276255561472	2.70511578714929	13.0845021224229	3.99006224988884	1.88816396209014	3.68159130219916	1.89032274293764	3.64728641881201	-1.65796256832569	-2.06626850069703	-1.88700480422702	-0.720088512869249	-2.06196337149261	812501.5
65	54	59	19	93	9.51672234770843	8.07200076135805	9.47342309573201	2.70511578714929	13.372073597641	4.09504965169705	1.67599042442556	3.53718804052384	1.87375040877418	3.68663594470046	-1.60710911847549	-2.224440720684	-1.83219170326408	-0.734734621531215	-2.07312679598858	815001.5
93	81	80	23	126	13.6162335128751	12.1080011420371	12.84531945184	3.27461384760177	18.1170029387394	4.05495034830295	1.90149716460962	3.62925623918952	1.90532538424773	3.89109871452826	-2.02533923846922	-2.43455320359193	-2.13848383535391	-1.03373759087849	-2.27973318213971	817501.5
102	78	87	27	135	14.9339335302501	11.659556655295	13.969284903876	3.84411190805425	19.4110745772208	1.64326367274344	1.23955614857838	1.76639486039041	1.78977184111891	1.85624198745712	-2.57893005547044	-2.57529721744326	-2.61531594700371	-1.35459422730283	-2.63281037660846	820001.5
103	81	81	25	136	15.0803446432918	12.1080011420371	13.005885944988	3.55936287782801	19.5548603148298	2.03232547799022	1.84925337990307	1.65050654806029	1.12372902674012	1.96410380790686	-2.50844604708595	-2.44701489211	-2.60412724180012	-1.71439426248912	-2.61953560383834	822501.5
116	98	107	33	152	16.9836891128335	14.6491865669091	17.180614766836	4.69835899873298	21.8554321165745	3.13268119164073	2.86873810411475	3.16837163330862	1.60090559203079	3.28856703971911	-2.37723800820268	-2.34642526668806	-2.46539353588638	-1.71772879673251	-2.48379295831368	825001.5
99	78	102	33	135	14.4947001911251	11.659556655295	16.377782301096	4.69835899873298	19.4110745772208	3.20392767155773	2.62017542138414	3.2529280948851	1.83042286116771	3.26186433826502	-2.25394937701219	-2.23407794693426	-2.41745404678307	-1.59044732683507	-2.42200021411464	827501.5
106	95	110	33	153	15.5195779824168	14.2007420801669	17.66231424628	4.69835899873298	21.9992178541836	3.53739439751	3.06976630104193	3.65470719051149	1.53342892360325	3.65815460309761	-2.24139835784759	-2.28352700977002	-2.40013192282311	-1.75514876767211	-2.43809513429781	830001.5
125	106	120	39	175	18.3013891302085	15.8450385315547	19.26797917776	5.5526060894117	25.1625040815825	4.14125537275826	3.38563271392971	4.50877192982456	3.255774406963	4.46896041948188	-2.262349887579	-2.30294143954775	-2.32617841798669	-1.09954822955422	-2.41534743542115	832501.5
117	97	95	38	154	17.1301002258752	14.4997050713284	15.25381684906	5.41023157429858	22.1430035917926	6.09083296279828	5.07861585856406	5.86315789473684	5.43414585062763	5.98835799175358	-1.87916040606707	-1.89487229647691	-1.85108841160172	0.0117150589595068	-2.13397946900492	835001.5
132	119	104	63	165	19.3262669215002	17.7882979741039	16.698915287392	8.96959445212659	23.7246467054921	12.6761894175189	11.9913662853443	12.5485544848036	11.7260684728197	12.5250684314473	-1.0082888455676	-0.95924664047063	-0.750387729113558	0.854227150908395	-1.38392449033504	837501.5
127	106	102	74	161	18.5942113562919	15.8450385315547	16.377782301096	10.5357141183709	23.1495037550559	15.4054913294798	14.335468869572	15.4069681245367	14.4376726284809	15.2009863368098	-0.501753933884221	-0.279022176607025	-0.178813312736618	1.04129013953504	-1.00580352262482	840001.5
148	128	132	99	180	21.6688447301669	19.1336314343302	21.194777095536	14.0950769961989	25.8814327696277	23.7469542018675	23.1517964013108	24.2665184086978	22.4947551128217	23.9500363812758	0.282192282004468	0.619956304921627	0.441651521339779	1.70423559985038	-0.21935315342538	842501.5
179	150	154	108	202	26.2075892344586	22.4222243371057	24.727239944792	15.376447632217	29.0447189970267	29.1202312138728	28.7673998783431	29.8427971336793	27.0527909843282	29.6592980146218	0.328987615745022	0.840172577573408	0.63359764147145	2.18094775599842	0.0623961062119972	845001.5
176	139	152	107	201	25.7683558953336	20.777927885718	24.406106958496	15.2340731171039	28.9009332594176	26.1861642211353	26.1492357200322	27.1072893501359	25.2844615500717	27.2874236281949	0.0479729656720099	0.765489597796393	0.338828053255525	1.8939533636181	-0.164607658227172	847501.5
170	139	144	94	185	24.8898892170836	20.777927885718	23.121575013312	13.3832044206333	26.6003614576729	23.4706091596265	24.222985303063	24.7521620953793	23.420028677081	24.8554219650509	-0.168539910054145	0.490970858147741	0.215533640378469	2.13890604125819	-0.192973101185796	850001.5
170	132	138	79	184	24.8898892170836	19.731557416653	22.158176054424	11.2475866939365	26.4565757200639	20.6374610938195	21.192718246571	21.5756362737831	18.9289361809172	21.5738193409792	-0.504977047793348	0.218864835879638	-0.0802369411211038	1.92822559726767	-0.542835426710078	852501.5
170	147	155	90	215	24.8898892170836	21.9737798503636	24.88780643794	12.8137063601808	30.9139335859442	18.1457684896991	20.1504424778761	20.1609093155424	16.4845923578095	19.4738805539194	-0.800866252446477	-0.246190177377782	-0.581795433863938	0.815116017783313	-1.09297378244269	855001.5
195	169	162	82	229	28.5501670431253	25.2623727531391	26.011771889976	11.6747102392759	32.9269339124708	18.1044908848377	18.2614347663992	18.5066468989375	14.2027016828919	17.8988023053024	-1.08561859249067	-0.825883010488301	-0.884977206585754	0.612780073083467	-1.35003881843811	857501.5
174	149	144	75	204	25.4755336692503	22.272742841525	23.121575013312	10.678088633484	29.3322904722448	17.0799466429524	17.1250711300355	17.2356313318508	13.0146454355646	16.7660164235473	-0.974737732020662	-0.686030784111342	-0.778013564979079	0.615771284953404	-1.26362747986968	860001.5
119	108	99	54	144	17.4229224519585	16.1440015227161	15.896082821652	7.68822381610851	20.7051462157022	10.2472061657033	10.0012950571984	10.1235977267111	7.71046210348904	9.86453460841043	-1.20182271731347	-1.11531290267162	-1.09398378037813	0.00794030166554659	-1.52787378641091	862501.5
61	47	41	22	58	8.93107789554175	7.02563029229312	6.583226219068	3.13223933248865	8.33957278132449	4.03854305617311	2.55431391401605	2.84610822831727	2.50913390184389	3.08838917570424	-1.53810397229261	-1.7650445221665	-1.60989177343108	-0.488153908524621	-1.74664508161071	865001.5
NA	NA	NA	NA	NA	NA	NA	NA	NA	NA	NA	NA	NA	NA	NA	NA	NA	NA	NA	NA	867501.5
NA	NA	NA	NA	NA	NA	NA	NA	NA	NA	NA	NA	NA	NA	NA	NA	NA	NA	NA	NA	870001.5
NA	NA	NA	NA	NA	NA	NA	NA	NA	NA	NA	NA	NA	NA	NA	NA	NA	NA	NA	NA	872501.5
NA	NA	NA	NA	NA	NA	NA	NA	NA	NA	NA	NA	NA	NA	NA	NA	NA	NA	NA	NA	875001.5
NA	NA	NA	NA	NA	NA	NA	NA	NA	NA	NA	NA	NA	NA	NA	NA	NA	NA	NA	NA	877501.5
NA	NA	NA	NA	NA	NA	NA	NA	NA	NA	NA	NA	NA	NA	NA	NA	NA	NA	NA	NA	880001.5
NA	NA	NA	NA	NA	NA	NA	NA	NA	NA	NA	NA	NA	NA	NA	NA	NA	NA	NA	NA	882501.5
NA	NA	NA	NA	NA	NA	NA	NA	NA	NA	NA	NA	NA	NA	NA	NA	NA	NA	NA	NA	885001.5
NA	NA	NA	NA	NA	NA	NA	NA	NA	NA	NA	NA	NA	NA	NA	NA	NA	NA	NA	NA	887501.5
NA	NA	NA	NA	NA	NA	NA	NA	NA	NA	NA	NA	NA	NA	NA	NA	NA	NA	NA	NA	890001.5
NA	NA	NA	NA	NA	NA	NA	NA	NA	NA	NA	NA	NA	NA	NA	NA	NA	NA	NA	NA	892501.5
NA	NA	NA	NA	NA	NA	NA	NA	NA	NA	NA	NA	NA	NA	NA	NA	NA	NA	NA	NA	895001.5
NA	NA	NA	NA	NA	NA	NA	NA	NA	NA	NA	NA	NA	NA	NA	NA	NA	NA	NA	NA	897501.5
NA	NA	NA	NA	NA	NA	NA	NA	NA	NA	NA	NA	NA	NA	NA	NA	NA	NA	NA	NA	900001.5
NA	NA	NA	NA	NA	NA	NA	NA	NA	NA	NA	NA	NA	NA	NA	NA	NA	NA	NA	NA	902501.5
NA	NA	NA	NA	NA	NA	NA	NA	NA	NA	NA	NA	NA	NA	NA	NA	NA	NA	NA	NA	905001.5
NA	NA	NA	NA	NA	NA	NA	NA	NA	NA	NA	NA	NA	NA	NA	NA	NA	NA	NA	NA	907501.5
NA	NA	NA	NA	NA	NA	NA	NA	NA	NA	NA	NA	NA	NA	NA	NA	NA	NA	NA	NA	910001.5
NA	NA	NA	NA	NA	NA	NA	NA	NA	NA	NA	NA	NA	NA	NA	NA	NA	NA	NA	NA	912501.5
NA	NA	NA	NA	NA	NA	NA	NA	NA	NA	NA	NA	NA	NA	NA	NA	NA	NA	NA	NA	915001.5
NA	NA	NA	NA	NA	NA	NA	NA	NA	NA	NA	NA	NA	NA	NA	NA	NA	NA	NA	NA	917501.5
NA	NA	NA	NA	NA	NA	NA	NA	NA	NA	NA	NA	NA	NA	NA	NA	NA	NA	NA	NA	920001.5
NA	NA	NA	NA	NA	NA	NA	NA	NA	NA	NA	NA	NA	NA	NA	NA	NA	NA	NA	NA	922501.5
NA	NA	NA	NA	NA	NA	NA	NA	NA	NA	NA	NA	NA	NA	NA	NA	NA	NA	NA	NA	925001.5
NA	NA	NA	NA	NA	NA	NA	NA	NA	NA	NA	NA	NA	NA	NA	NA	NA	NA	NA	NA	927501.5
NA	NA	NA	NA	NA	NA	NA	NA	NA	NA	NA	NA	NA	NA	NA	NA	NA	NA	NA	NA	930001.5
NA	NA	NA	NA	NA	NA	NA	NA	NA	NA	NA	NA	NA	NA	NA	NA	NA	NA	NA	NA	932501.5
NA	NA	NA	NA	NA	NA	NA	NA	NA	NA	NA	NA	NA	NA	NA	NA	NA	NA	NA	NA	935001.5
NA	NA	NA	NA	NA	NA	NA	NA	NA	NA	NA	NA	NA	NA	NA	NA	NA	NA	NA	NA	937501.5
NA	NA	NA	NA	NA	NA	NA	NA	NA	NA	NA	NA	NA	NA	NA	NA	NA	NA	NA	NA	940001.5
NA	NA	NA	NA	NA	NA	NA	NA	NA	NA	NA	NA	NA	NA	NA	NA	NA	NA	NA	NA	942501.5
NA	NA	NA	NA	NA	NA	NA	NA	NA	NA	NA	NA	NA	NA	NA	NA	NA	NA	NA	NA	945001.5
NA	NA	NA	NA	NA	NA	NA	NA	NA	NA	NA	NA	NA	NA	NA	NA	NA	NA	NA	NA	947501.5
NA	NA	NA	NA	NA	NA	NA	NA	NA	NA	NA	NA	NA	NA	NA	NA	NA	NA	NA	NA	950001.5
NA	NA	NA	NA	NA	NA	NA	NA	NA	NA	NA	NA	NA	NA	NA	NA	NA	NA	NA	NA	952501.5
NA	NA	NA	NA	NA	NA	NA	NA	NA	NA	NA	NA	NA	NA	NA	NA	NA	NA	NA	NA	955001.5
NA	NA	NA	NA	NA	NA	NA	NA	NA	NA	NA	NA	NA	NA	NA	NA	NA	NA	NA	NA	957501.5
NA	NA	NA	NA	NA	NA	NA	NA	NA	NA	NA	NA	NA	NA	NA	NA	NA	NA	NA	NA	960001.5
NA	NA	NA	NA	NA	NA	NA	NA	NA	NA	NA	NA	NA	NA	NA	NA	NA	NA	NA	NA	962501.5
NA	NA	NA	NA	NA	NA	NA	NA	NA	NA	NA	NA	NA	NA	NA	NA	NA	NA	NA	NA	965001.5
NA	NA	NA	NA	NA	NA	NA	NA	NA	NA	NA	NA	NA	NA	NA	NA	NA	NA	NA	NA	967501.5
NA	NA	NA	NA	NA	NA	NA	NA	NA	NA	NA	NA	NA	NA	NA	NA	NA	NA	NA	NA	970001.5
NA	NA	NA	NA	NA	NA	NA	NA	NA	NA	NA	NA	NA	NA	NA	NA	NA	NA	NA	NA	972501.5
NA	NA	NA	NA	NA	NA	NA	NA	NA	NA	NA	NA	NA	NA	NA	NA	NA	NA	NA	NA	975001.5
NA	NA	NA	NA	NA	NA	NA	NA	NA	NA	NA	NA	NA	NA	NA	NA	NA	NA	NA	NA	977501.5
NA	NA	NA	NA	NA	NA	NA	NA	NA	NA	NA	NA	NA	NA	NA	NA	NA	NA	NA	NA	980001.5
NA	NA	NA	NA	NA	NA	NA	NA	NA	NA	NA	NA	NA	NA	NA	NA	NA	NA	NA	NA	982501.5
NA	NA	NA	NA	NA	NA	NA	NA	NA	NA	NA	NA	NA	NA	NA	NA	NA	NA	NA	NA	985001.5
NA	NA	NA	NA	NA	NA	NA	NA	NA	NA	NA	NA	NA	NA	NA	NA	NA	NA	NA	NA	987501.5
NA	NA	NA	NA	NA	NA	NA	NA	NA	NA	NA	NA	NA	NA	NA	NA	NA	NA	NA	NA	990001.5
NA	NA	NA	NA	NA	NA	NA	NA	NA	NA	NA	NA	NA	NA	NA	NA	NA	NA	NA	NA	992501.5
NA	NA	NA	NA	NA	NA	NA	NA	NA	NA	NA	NA	NA	NA	NA	NA	NA	NA	NA	NA	995001.5
