"S"	"theta_W"	"theta_pi"	"TajD"	"position"
NA	NA	NA	NA	5001.5
NA	NA	NA	NA	7501.5
NA	NA	NA	NA	10001.5
NA	NA	NA	NA	12501.5
NA	NA	NA	NA	15001.5
NA	NA	NA	NA	17501.5
NA	NA	NA	NA	20001.5
NA	NA	NA	NA	22501.5
NA	NA	NA	NA	25001.5
NA	NA	NA	NA	27501.5
NA	NA	NA	NA	30001.5
NA	NA	NA	NA	32501.5
NA	NA	NA	NA	35001.5
NA	NA	NA	NA	37501.5
NA	NA	NA	NA	40001.5
NA	NA	NA	NA	42501.5
NA	NA	NA	NA	45001.5
NA	NA	NA	NA	47501.5
NA	NA	NA	NA	50001.5
NA	NA	NA	NA	52501.5
NA	NA	NA	NA	55001.5
NA	NA	NA	NA	57501.5
NA	NA	NA	NA	60001.5
NA	NA	NA	NA	62501.5
NA	NA	NA	NA	65001.5
NA	NA	NA	NA	67501.5
NA	NA	NA	NA	70001.5
NA	NA	NA	NA	72501.5
NA	NA	NA	NA	75001.5
NA	NA	NA	NA	77501.5
NA	NA	NA	NA	80001.5
NA	NA	NA	NA	82501.5
NA	NA	NA	NA	85001.5
NA	NA	NA	NA	87501.5
NA	NA	NA	NA	90001.5
NA	NA	NA	NA	92501.5
NA	NA	NA	NA	95001.5
NA	NA	NA	NA	97501.5
NA	NA	NA	NA	100001.5
NA	NA	NA	NA	102501.5
NA	NA	NA	NA	105001.5
19	2.34633911586459	1.85569619509846	-0.462853415330566	107501.5
43	5.31013589379881	2.86638597480233	-1.15902654833241	110001.5
72	8.89139033380266	3.55265291981197	-1.58867391268521	112501.5
88	10.8672548524255	4.75028641727371	-1.51056316017902	115001.5
104	12.8431193710483	3.75313855197057	-1.91858851389078	117501.5
103	12.7196278386344	4.24897838144145	-1.80424820201465	120001.5
86	10.6202717875976	4.5575855801895	-1.52967589893885	122501.5
81	10.002814125528	3.4010376203437	-1.7613517447986	125001.5
74	9.13837339863051	3.09088602912031	-1.75459202781398	127501.5
65	8.02694960690518	1.92489202465156	-1.99492090428775	130001.5
65	8.02694960690518	1.10322355227886	-2.26354564108105	132501.5
74	9.13837339863051	2.76205433560294	-1.84999784392978	135001.5
56	6.91552581517984	2.27285010878278	-1.73849627266961	137501.5
63	7.77996654207733	2.04192056655128	-1.93034254700377	140001.5
66	8.1504411393191	2.11995642816666	-1.94411933108753	142501.5
66	8.1504411393191	0.490257114922178	-2.46950494940762	145001.5
83	10.2497971903558	0.887346258077965	-2.44180230832552	147501.5
79	9.75583106070014	0.953794478356485	-2.40360643145016	150001.5
84	10.3732887227698	0.847603108750481	-2.45679109581068	152501.5
70	8.64440726897481	0.799000549052078	-2.39604146339917	155001.5
55	6.79203428276592	0.38800776306788	-2.43746029189256	157501.5
45	5.55711895862666	0.231399906631786	-2.42623956565955	160001.5
48	5.92759355586844	0.165074415641231	-2.47866265408154	162501.5
68	8.39742420414695	0.208345591581593	-2.56861951951917	165001.5
92	11.3612209820812	0.356077008224037	-2.60686455958985	167501.5
103	12.7196278386344	0.366947652141744	-2.63112068669256	170001.5
113	13.9545431627736	0.4560767146133	-2.6338991594472	172501.5
97	11.9786786441508	0.439381420899799	-2.60085453241187	175001.5
78	9.63233952828621	0.398842586475702	-2.5514306024925	177501.5
81	10.002814125528	0.438764838352609	-2.55168512385682	180001.5
73	9.01488186621658	0.924482144063044	-2.37702441523627	182501.5
69	8.52091573656088	0.9567141435228	-2.34097067395407	185001.5
66	8.1504411393191	1.03510703579408	-2.29385517754937	187501.5
60	7.40949194483555	1.12301643926515	-2.21109855380295	190001.5
47	5.80410202345451	0.494338304163107	-2.32721453138213	192501.5
63	7.77996654207733	0.573143425908799	-2.42445552879959	195001.5
66	8.1504411393191	0.50679385883783	-2.46417380190298	197501.5
73	9.01488186621658	0.556912037159375	-2.48501946473037	200001.5
70	8.64440726897481	0.555809822453587	-2.47031359297079	202501.5
65	8.02694960690518	0.497253271557634	-2.46165304405011	205001.5
63	7.77996654207733	0.407973880388858	-2.48002040272119	207501.5
46	5.68061049104059	0.208370842104954	-2.44478685894651	210001.5
59	7.28600041242162	0.346990930364342	-2.47821973821019	212501.5
72	8.89139033380266	0.592955103982242	-2.46940550609868	215001.5
71	8.76789880138873	0.739015288311063	-2.42022527864552	217501.5
82	10.1263056579419	0.832283087727952	-2.45148180762662	220001.5
66	8.1504411393191	0.689316386121608	-2.40533183634835	222501.5
63	7.77996654207733	0.481529242161327	-2.45527556013971	225001.5
64	7.90345807449125	0.308892001162698	-2.5183613679784	227501.5
65	8.02694960690518	0.758458191299139	-2.37625838041885	230001.5
75	9.26186493104444	0.819906807952153	-2.4190797684639	232501.5
58	7.1625088800077	0.708101013837874	-2.34123162580993	235001.5
74	9.13837339863051	1.07136385123331	-2.34052752412921	237501.5
60	7.40949194483555	0.527438216960718	-2.42057716305658	240001.5
48	5.92759355586844	0.480880362433093	-2.34282338184634	242501.5
55	6.79203428276592	0.595578222304433	-2.35845612933909	245001.5
38	4.69267823172918	0.434581472575289	-2.25098578669803	247501.5
50	6.17457662069629	0.755931964520079	-2.24716580133108	250001.5
61	7.53298347724947	0.82984024639813	-2.32241005455491	252501.5
54	6.66854275035199	0.709724093990669	-2.30590950632382	255001.5
60	7.40949194483555	0.640419628464974	-2.38083899254079	257501.5
60	7.40949194483555	0.379345071890589	-2.47266494079508	260001.5
59	7.28600041242162	0.552464421718973	-2.40483628726222	262501.5
69	8.52091573656088	0.750511323098063	-2.40478636547996	265001.5
75	9.26186493104444	0.639175893384069	-2.47086899705195	267501.5
81	10.002814125528	0.625327449374169	-2.50191028216398	270001.5
96	11.8551871117369	0.517187678919043	-2.58050682278502	272501.5
106	13.0901024358761	0.401181489604712	-2.63044531457621	275001.5
106	13.0901024358761	0.40544471750243	-2.62956153668083	277501.5
110	13.5840685655318	0.9042159565691	-2.53805547581627	280001.5
110	13.5840685655318	1.09090129687862	-2.50068771099759	282501.5
98	12.1021701765647	1.17146573415897	-2.44002331611216	285001.5
81	10.002814125528	1.22572499831174	-2.34172441862202	287501.5
71	8.76789880138873	0.723723453919263	-2.42483484659997	290001.5
59	7.28600041242162	0.462883785934284	-2.43682939814312	292501.5
60	7.40949194483555	0.377313872813701	-2.4733793603991	295001.5
82	10.1263056579419	1.01553435686036	-2.40314567016744	297501.5
83	10.2497971903558	1.00155554968334	-2.41201560889271	300001.5
101	12.4726447738065	1.40759805864581	-2.40084796524872	302501.5
109	13.4605770331179	1.39324166806132	-2.43642389444666	305001.5
87	10.7437633200115	0.664924380554748	-2.51567081187702	307501.5
75	9.26186493104444	0.644307621841115	-2.46939847797253	310001.5
46	5.68061049104059	0.201496240314516	-2.44785816744102	312501.5
34	4.19871210207348	1.22214999398098	-1.73273188179203	315001.5
38	4.69267823172918	1.34165661049893	-1.77147267123304	317501.5
52	6.42155968552414	1.37520046273052	-2.02035699347364	320001.5
59	7.28600041242162	1.44610804287891	-2.08567758505685	322501.5
73	9.01488186621658	0.427630531993294	-2.52300340925375	325001.5
92	11.3612209820812	0.819386529726619	-2.49711722919647	327501.5
109	13.4605770331179	1.24404983161424	-2.46654608332927	330001.5
113	13.9545431627736	1.62014169654156	-2.40676004040597	332501.5
89	10.9907463848394	1.57352511986658	-2.30109243189307	335001.5
66	8.1504411393191	1.10912982585947	-2.26999156724272	337501.5
50	6.17457662069629	0.71240064946695	-2.26521867039361	340001.5
58	7.1625088800077	0.264761720206585	-2.50204575419096	342501.5
78	9.63233952828621	0.298419493404035	-2.5791798457613	345001.5
80	9.87932259311406	0.266657858344564	-2.5944602997296	347501.5
90	11.1142379172533	1.10354652408929	-2.42065143984529	350001.5
94	11.608204046909	1.48126792860561	-2.35091369837559	352501.5
89	10.9907463848394	1.5569002927299	-2.30515469854576	355001.5
95	11.731695579323	2.01480561501173	-2.23341566179886	357501.5
79	9.75583106070014	1.23536071547064	-2.32671804180584	360001.5
63	7.77996654207733	0.830588953776862	-2.33784798712091	362501.5
56	6.91552581517984	1.25336433862713	-2.12025289827522	365001.5
42	5.18664436138488	0.792569886695617	-2.12774993047698	367501.5
40	4.93966129655703	0.704910052350794	-2.1404598377224	370001.5
36	4.44569516690133	0.968732218199755	-1.92650805456418	372501.5
36	4.44569516690133	0.426026242927651	-2.22720939882563	375001.5
58	7.1625088800077	0.472006858746811	-2.42687094610533	377501.5
68	8.39742420414695	0.625621060110926	-2.43773520832983	380001.5
90	11.1142379172533	0.862314181104975	-2.47898301710088	382501.5
99	12.2256617089787	0.975681984338803	-2.48740725808234	385001.5
82	10.1263056579419	1.13231509129826	-2.37234244758078	387501.5
68	8.39742420414695	0.993628647012364	-2.32230446016291	390001.5
51	6.29806815311022	0.835153426290493	-2.2256323536778	392501.5
40	4.93966129655703	0.77585521467349	-2.10460052465408	395001.5
57	7.03901734759377	0.825282820542182	-2.28978053197498	397501.5
69	8.52091573656088	0.95290483782411	-2.3421495786698	400001.5
74	9.13837339863051	0.663594323917237	-2.45883602451922	402501.5
93	11.4847125144951	2.00636489355143	-2.22254778702023	405001.5
77	9.50884799587229	2.71350286417274	-1.90032684693374	407501.5
66	8.1504411393191	2.63931212876592	-1.77668843529598	410001.5
61	7.53298347724947	2.63051085332088	-1.69853922583509	412501.5
49	6.05108508828236	1.27570811569437	-2.01655002494832	415001.5
56	6.91552581517984	0.354581355130994	-2.45681116026925	417501.5
77	9.50884799587229	0.349807244551319	-2.56133731172861	420001.5
73	9.01488186621658	0.337972970195574	-2.54934552098157	422501.5
67	8.27393267173303	0.310976637393676	-2.53192545509144	425001.5
72	8.89139033380266	0.394249340109869	-2.52853534127974	427501.5
60	7.40949194483555	0.546547578151838	-2.41385595960063	430001.5
71	8.76789880138873	0.709484507629475	-2.42912703214428	432501.5
71	8.76789880138873	0.697676071018565	-2.43268656526498	435001.5
79	9.75583106070014	0.720202473964068	-2.46739431040754	437501.5
70	8.64440726897481	0.52867490538394	-2.47860078428232	440001.5
57	7.03901734759377	0.446399891951249	-2.42940007156237	442501.5
68	8.39742420414695	1.15842413245368	-2.27061404166043	445001.5
55	6.79203428276592	1.06904315196998	-2.17824888595655	447501.5
66	8.1504411393191	1.5532266351916	-2.12682277845528	450001.5
75	9.26186493104444	1.54141584969479	-2.21232821862275	452501.5
69	8.52091573656088	1.52002983085085	-2.16663561849667	455001.5
66	8.1504411393191	1.46322378716745	-2.15583807077052	457501.5
82	10.1263056579419	0.980811363909955	-2.41230454458174	460001.5
97	11.9786786441508	1.44179783726331	-2.37491882511335	462501.5
118	14.5720008248432	1.26780000411055	-2.49147579599734	465001.5
112	13.8310516303597	1.23651695455199	-2.47831325118066	467501.5
104	12.8431193710483	1.41288246468597	-2.41253768034048	470001.5
94	11.608204046909	1.26422382533684	-2.40129931842547	472501.5
89	10.9907463848394	1.38440104877755	-2.3473047865173	475001.5
97	11.9786786441508	1.71410183007572	-2.31354393718057	477501.5
100	12.3491532413926	1.74847542624939	-2.32176130390388	480001.5
100	12.3491532413926	1.47833299568099	-2.38092792067816	482501.5
80	9.87932259311406	1.15895909121605	-2.35362800317491	485001.5
74	9.13837339863051	0.877407534638727	-2.39680117730901	487501.5
75	9.26186493104444	0.904247079307196	-2.39491169736868	490001.5
76	9.38535646345836	1.44534817829218	-2.24750343354169	492501.5
100	12.3491532413926	1.49740947246959	-2.3767497892044	495001.5
147	18.1532552648471	2.07189763555274	-2.44159097033382	497501.5
151	18.6472213945028	2.11046634193319	-2.44687303446029	500001.5
169	20.8700689779535	1.67550552428601	-2.54848062383915	502501.5
169	20.8700689779535	1.49916820078277	-2.57189309963171	505001.5
119	14.6954923572572	0.920188967870177	-2.55909421606389	507501.5
86	10.6202717875976	0.572646049320732	-2.53511569089942	510001.5
53	6.54505121793807	0.368210765531274	-2.43090999798713	512501.5
30	3.70474597241777	0.241018594367959	-2.24397955905303	515001.5
35	4.3222036344874	0.465628459101492	-2.18957461868123	517501.5
42	5.18664436138488	0.581676928361916	-2.22987097553832	520001.5
61	7.53298347724947	0.993569924865012	-2.26568331630614	522501.5
62	7.6564750096634	2.53671279291341	-1.74770312134089	525001.5
61	7.53298347724947	2.27492769835607	-1.82173663724051	527501.5
65	8.02694960690518	2.29265297853412	-1.87469030914968	530001.5
51	6.29806815311022	2.20426440234067	-1.66784629322312	532501.5
43	5.31013589379881	0.644598883691979	-2.2127801273388	535001.5
44	5.43362742621273	0.695754095135751	-2.20186175284478	537501.5
44	5.43362742621273	0.620023665025383	-2.23705643322864	540001.5
38	4.69267823172918	0.282146999151465	-2.33156822821775	542501.5
52	6.42155968552414	0.256478961322658	-2.46824758336857	545001.5
64	7.90345807449125	0.32189014847895	-2.51405117675213	547501.5
67	8.27393267173303	0.317875902486002	-2.5297317440081	550001.5
71	8.76789880138873	0.296013059805571	-2.55376379495092	552501.5
66	8.1504411393191	0.306480869792447	-2.52875109094756	555001.5
62	7.6564750096634	0.302540613705162	-2.51036934018219	557501.5
74	9.13837339863051	0.368131490632349	-2.54456034275603	560001.5
87	10.7437633200115	1.04421542806977	-2.4210000444234	562501.5
93	11.4847125144951	1.16999004659602	-2.41866668237628	565001.5
92	11.3612209820812	1.18225357984891	-2.41116240161277	567501.5
83	10.2497971903558	1.35817808665627	-2.31900559043918	570001.5
75	9.26186493104444	0.731788940857989	-2.44433032602643	572501.5
73	9.01488186621658	0.684282136429165	-2.44759710661049	575001.5
69	8.52091573656088	0.699758358363649	-2.42049340350613	577501.5
70	8.64440726897481	1.31382348709728	-2.23881097810988	580001.5
61	7.53298347724947	1.59287935241216	-2.05804308061506	582501.5
52	6.42155968552414	1.57055612809649	-1.94214453032713	585001.5
47	5.80410202345451	1.42478603117559	-1.91940891413257	587501.5
33	4.07522056965955	1.07842107890201	-1.78985761053755	590001.5
41	5.06315282897096	0.858341627836647	-2.07974907221114	592501.5
37	4.56918669931525	0.83495083488213	-2.02042673631954	595001.5
37	4.56918669931525	0.858496067084181	-2.00768747228243	597501.5
63	7.77996654207733	0.790196924721143	-2.35143631537388	600001.5
66	8.1504411393191	0.77225319815495	-2.37859450638968	602501.5
79	9.75583106070014	0.80776541676576	-2.44348315638019	605001.5
91	11.2377294496672	0.822019043592386	-2.4926495474229	607501.5
73	9.01488186621658	0.511800509121018	-2.49827359397471	610001.5
63	7.77996654207733	0.427419719484302	-2.47347860596176	612501.5
53	6.54505121793807	0.371342417649529	-2.42967752897597	615001.5
43	5.31013589379881	0.487464289594142	-2.28730623363351	617501.5
40	4.93966129655703	0.33189933849501	-2.32899852772002	620001.5
42	5.18664436138488	0.325539729936844	-2.35390071360507	622501.5
55	6.79203428276592	0.456368563685637	-2.41144123395843	625001.5
69	8.52091573656088	0.379114881072971	-2.51972621319526	627501.5
64	7.90345807449125	0.368278296000728	-2.49866884713344	630001.5
65	8.02694960690518	0.417937267129984	-2.48758350326725	632501.5
66	8.1504411393191	0.377803615522612	-2.5057579261587	635001.5
51	6.29806815311022	0.356747615146791	-2.42053846236033	637501.5
58	7.1625088800077	0.417937854351458	-2.4464835993016	640001.5
66	8.1504411393191	0.399357579707975	-2.49880931747442	642501.5
64	7.90345807449125	0.573487537692278	-2.43062137455392	645001.5
75	9.26186493104444	0.562138308273657	-2.49294445168399	647501.5
85	10.4967802551837	0.607124758138156	-2.52265585501785	650001.5
90	11.1142379172533	0.789453502335673	-2.49660121149367	652501.5
100	12.3491532413926	0.796180711536259	-2.53033296857372	655001.5
94	11.608204046909	0.801483908663572	-2.5087218987779	657501.5
87	10.7437633200115	0.987407622721948	-2.43517923100022	660001.5
81	10.002814125528	0.770826249974309	-2.46309125124073	662501.5
65	8.02694960690518	0.550715676170846	-2.44417479722619	665001.5
57	7.03901734759377	0.498970894367665	-2.41002749338809	667501.5
48	5.92759355586844	0.303629909538532	-2.41906505103956	670001.5
53	6.54505121793807	0.391649710646619	-2.42168554635006	672501.5
48	5.92759355586844	0.295021829958278	-2.42276768956617	675001.5
72	8.89139033380266	0.426202409369706	-2.51902691192146	677501.5
82	10.1263056579419	0.625491871386753	-2.50602707056391	680001.5
67	8.27393267173303	0.530942167493181	-2.46198455343383	682501.5
68	8.39742420414695	0.557844544859316	-2.45899426423548	685001.5
57	7.03901734759377	0.587125756414661	-2.37754215207919	687501.5
48	5.92759355586844	0.762731401961907	-2.22158931238925	690001.5
60	7.40949194483555	1.29042799637097	-2.15221604460068	692501.5
58	7.1625088800077	1.26352914233368	-2.13975909304443	695001.5
43	5.31013589379881	1.11061490896599	-1.99175712451749	697501.5
54	6.66854275035199	0.675758029519623	-2.31905349936556	700001.5
54	6.66854275035199	0.253990316717902	-2.48226675261194	702501.5
59	7.28600041242162	0.361743695443455	-2.47295088914653	705001.5
62	7.6564750096634	0.382038656789601	-2.48323156070004	707501.5
51	6.29806815311022	0.380779066728912	-2.41074786909252	710001.5
45	5.55711895862666	0.326009507115656	-2.38313823910737	712501.5
43	5.31013589379881	0.216116293340615	-2.41600169835758	715001.5
43	5.31013589379881	0.23742186284268	-2.40589685068545	717501.5
46	5.68061049104059	0.213762709674767	-2.4423779792509	720001.5
39	4.81616976414311	0.41773937349341	-2.27302642252905	722501.5
35	4.3222036344874	0.53592239281006	-2.14966516376437	725001.5
54	6.66854275035199	0.679876213713383	-2.31745986803881	727501.5
65	8.02694960690518	1.04635291423337	-2.2821381278198	730001.5
62	7.6564750096634	0.786744649678349	-2.34507945576771	732501.5
60	7.40949194483555	0.72909594318045	-2.34964948563024	735001.5
53	6.54505121793807	1.12286787223235	-2.13391292968551	737501.5
44	5.43362742621273	1.29076506149677	-1.92533855397409	740001.5
48	5.92759355586844	1.33177954531441	-1.97682164273312	742501.5
56	6.91552581517984	1.29606532251671	-2.10426308851335	745001.5
61	7.53298347724947	0.790129981473162	-2.33616830428264	747501.5
67	8.27393267173303	0.730403098180494	-2.39856335588789	750001.5
64	7.90345807449125	0.70101501231697	-2.38833320925919	752501.5
65	8.02694960690518	0.736372204458773	-2.38347886240312	755001.5
55	6.79203428276592	1.24142377718468	-2.11263845668052	757501.5
44	5.43362742621273	0.791499381949399	-2.15736544188025	760001.5
48	5.92759355586844	1.01180138995323	-2.11445552897551	762501.5
46	5.68061049104059	1.38074031011166	-1.92101713154241	765001.5
41	5.06315282897096	0.918666302589353	-2.04991177860934	767501.5
51	6.29806815311022	0.926164533584664	-2.18855374728047	770001.5
57	7.03901734759377	0.812234759400682	-2.29458878315658	772501.5
68	8.39742420414695	1.4193248714719	-2.18877886060955	775001.5
96	11.8551871117369	1.48801803944367	-2.35954770350255	777501.5
93	11.4847125144951	1.56001667708985	-2.32721057007169	780001.5
99	12.2256617089787	1.64006377225202	-2.34051027499058	782501.5
83	10.2497971903558	0.648731748422576	-2.5040348865992	785001.5
58	7.1625088800077	0.518584091583061	-2.4099758113664	787501.5
50	6.17457662069629	0.478513272673355	-2.36221409043736	790001.5
54	6.66854275035199	0.441019768810906	-2.40989116670895	792501.5
65	8.02694960690518	0.467822318526544	-2.47127478600246	795001.5
64	7.90345807449125	0.426990460587163	-2.4791998681691	797501.5
72	8.89139033380266	0.515879349476052	-2.4923413111382	800001.5
60	7.40949194483555	0.9058766188962	-2.2874716411339	802501.5
51	6.29806815311022	0.867605046581343	-2.21241132064685	805001.5
50	6.17457662069629	0.97684585729931	-2.15555061406712	807501.5
46	5.68061049104059	0.827069148264614	-2.16837617783794	810001.5
41	5.06315282897096	0.418074089733313	-2.29751057447504	812501.5
36	4.44569516690133	0.837091257153092	-1.99944739142472	815001.5
42	5.18664436138488	0.922285348530625	-2.06493759843959	817501.5
48	5.92759355586844	1.1621794137768	-2.0497726389797	820001.5
67	8.27393267173303	1.11973328400673	-2.27477075880736	822501.5
80	9.87932259311406	0.716928714249223	-2.4729320979247	825001.5
79	9.75583106070014	0.553687604048305	-2.51286517485095	827501.5
64	7.90345807449125	0.283573947332106	-2.52675684549005	830001.5
52	6.42155968552414	0.204970829773303	-2.48886934436538	832501.5
50	6.17457662069629	0.474880133416719	-2.36372078940122	835001.5
51	6.29806815311022	0.466305525460455	-2.37590374957627	837501.5
60	7.40949194483555	0.497647297166363	-2.43105531724892	840001.5
55	6.79203428276592	0.565829582456171	-2.3697788695159	842501.5
46	5.68061049104059	0.236546902847143	-2.43219887533129	845001.5
43	5.31013589379881	0.212790270914627	-2.41757917085675	847501.5
39	4.81616976414311	0.204119358636707	-2.38342124409598	850001.5
62	7.6564750096634	0.238733715614513	-2.53215072576905	852501.5
69	8.52091573656088	0.298815867898657	-2.54457716840533	855001.5
69	8.52091573656088	0.739769280683056	-2.40811081498895	857501.5
78	9.63233952828621	0.745239248708847	-2.45571312403416	860001.5
66	8.1504411393191	0.88657523628324	-2.34173914650733	862501.5
61	7.53298347724947	0.834066479343017	-2.32094580926788	865001.5
59	7.28600041242162	0.41463355911999	-2.45406163637157	867501.5
65	8.02694960690518	0.968625931113049	-2.30754909475412	870001.5
55	6.79203428276592	0.734136065087628	-2.3057191147631	872501.5
59	7.28600041242162	0.845864345967403	-2.30005051267264	875001.5
70	8.64440726897481	0.98668299142363	-2.33872194767128	877501.5
67	8.27393267173303	0.53333450777628	-2.4612238777207	880001.5
71	8.76789880138873	0.540934915307983	-2.47993459254511	882501.5
74	9.13837339863051	0.870909929034285	-2.39868636470947	885001.5
71	8.76789880138873	0.951553053992078	-2.35615793075958	887501.5
66	8.1504411393191	0.89060827336334	-2.34043896820891	890001.5
71	8.76789880138873	0.891935981114957	-2.37412889105325	892501.5
81	10.002814125528	0.743329604476976	-2.47042734698478	895001.5
84	10.3732887227698	0.657625217638959	-2.50578872287878	897501.5
86	10.6202717875976	0.730623306233062	-2.49525646114348	900001.5
74	9.13837339863051	0.745357867446497	-2.43511350095256	902501.5
49	6.05108508828236	0.433875632364124	-2.37203972241234	905001.5
52	6.42155968552414	0.796436152877238	-2.25207068434675	907501.5
57	7.03901734759377	1.24192878765191	-2.13624519504349	910001.5
62	7.6564750096634	1.59679024742577	-2.06855895351081	912501.5
72	8.89139033380266	1.71769327660774	-2.1347117283585	915001.5
52	6.42155968552414	1.64945285639205	-1.91055748910855	917501.5
40	4.93966129655703	1.09762968052216	-1.94195925454502	920001.5
37	4.56918669931525	0.808865869807127	-2.03454013535667	922501.5
37	4.56918669931525	0.743972024769002	-2.06965127035122	925001.5
43	5.31013589379881	0.395226476641798	-2.33105296612069	927501.5
42	5.18664436138488	0.389828149635776	-2.32277022609677	930001.5
44	5.43362742621273	0.34061194349755	-2.3669092047017	932501.5
42	5.18664436138488	0.325424047306562	-2.35395673079594	935001.5
55	6.79203428276592	0.586138049896209	-2.36204918838138	937501.5
60	7.40949194483555	1.14767152005215	-2.20242679274642	940001.5
53	6.54505121793807	1.26685516475966	-2.07724639415093	942501.5
50	6.17457662069629	1.81531884657958	-1.80782753082289	945001.5
39	4.81616976414311	1.478643048619	-1.7247712789567	947501.5
63	7.77996654207733	1.25079524468051	-2.196485912765	950001.5
78	9.63233952828621	1.36936113239789	-2.2832536881601	952501.5
87	10.7437633200115	0.901923443936498	-2.45651601936837	955001.5
80	9.87932259311406	0.905896584426299	-2.42192962872118	957501.5
56	6.91552581517984	0.569068696104079	-2.37649423391088	960001.5
49	6.05108508828236	0.406659678731132	-2.3835324971802	962501.5
53	6.54505121793807	0.737381050950271	-2.28562216925017	965001.5
65	8.02694960690518	1.16991488224741	-2.24174251541473	967501.5
66	8.1504411393191	1.24682680196249	-2.22560054962201	970001.5
62	7.6564750096634	1.52626083790632	-2.09263516329262	972501.5
51	6.29806815311022	1.09421028988188	-2.12009064821777	975001.5
36	4.44569516690133	0.977653874046866	-1.92156476293206	977501.5
33	4.07522056965955	0.931605727758253	-1.87754401545014	980001.5
51	6.29806815311022	1.04489249442874	-2.14018308726568	982501.5
69	8.52091573656088	1.24590838757792	-2.25147077947315	985001.5
82	10.1263056579419	0.907759250940288	-2.43157348056731	987501.5
89	10.9907463848394	0.924311262614251	-2.45972745294328	990001.5
79	9.75583106070014	0.47617848009466	-2.53403089338531	992501.5
62	7.6564750096634	0.784132688564155	-2.34597108557371	995001.5
50	6.17457662069629	0.818533296925602	-2.22120440651271	997501.5
37	4.56918669931525	1.02132436058922	-1.91958842081108	1000001.5
31	3.8282375048317	2.7820098829374	-0.659171355612944	1002501.5
41	5.06315282897096	3.31442656355058	-0.864940577374362	1005001.5
51	6.29806815311022	3.60656807218126	-1.09653728084626	1007501.5
62	7.6564750096634	3.52008033189758	-1.4120167272179	1010001.5
74	9.13837339863051	2.17486574649062	-2.02036222079053	1012501.5
74	9.13837339863051	3.58715511748834	-1.61060664464623	1015001.5
97	11.9786786441508	5.37122203724746	-1.48926170557012	1017501.5
87	10.7437633200115	5.21276149706242	-1.38053400099095	1020001.5
74	9.13837339863051	4.74105881903889	-1.27581797756884	1022501.5
71	8.76789880138873	2.33788312531013	-1.93826283019108	1025001.5
42	5.18664436138488	0.211063839782493	-2.40933356271135	1027501.5
52	6.42155968552414	0.25211884188181	-2.46999319786325	1030001.5
55	6.79203428276592	0.208204658427949	-2.50589581859921	1032501.5
67	8.27393267173303	0.923826217677128	-2.33706195895128	1035001.5
79	9.75583106070014	1.05054802444016	-2.37718556356843	1037501.5
80	9.87932259311406	1.17145281528655	-2.35025594433471	1040001.5
79	9.75583106070014	1.19628699862297	-2.33738805393737	1042501.5
60	7.40949194483555	0.439798348145995	-2.45140212801826	1045001.5
85	10.4967802551837	0.943887464876816	-2.43675433760304	1047501.5
82	10.1263056579419	1.6876668810025	-2.22585745693141	1050001.5
80	9.87932259311406	2.25490462055216	-2.05783206677404	1052501.5
75	9.26186493104444	2.2452125301318	-2.01065222284873	1055001.5
47	5.80410202345451	1.66718635767073	-1.81316735762381	1057501.5
48	5.92759355586844	0.79179357990763	-2.20908864499581	1060001.5
54	6.66854275035199	0.29404821675519	-2.46676537594213	1062501.5
64	7.90345807449125	0.333857722109182	-2.51008272420227	1065001.5
51	6.29806815311022	0.269183497902151	-2.45621273920821	1067501.5
44	5.43362742621273	0.247484490012831	-2.41018891347375	1070001.5
45	5.55711895862666	0.263049969611289	-2.41182073614437	1072501.5
50	6.17457662069629	0.358505169017021	-2.41198264392826	1075001.5
72	8.89139033380266	0.625711492217847	-2.45965802922759	1077501.5
76	9.38535646345836	0.85230264220302	-2.41537125316312	1080001.5
68	8.39742420414695	1.28777023198184	-2.23004282092359	1082501.5
82	10.1263056579419	1.23891399260688	-2.34422488435164	1085001.5
70	8.64440726897481	1.48211763807779	-2.18741278064322	1087501.5
66	8.1504411393191	1.2393925781078	-2.22799720909465	1090001.5
69	8.52091573656088	0.728407719613491	-2.41162699325933	1092501.5
44	5.43362742621273	0.631287160108871	-2.23182187812456	1095001.5
52	6.42155968552414	0.259743325493927	-2.46694066471861	1097501.5
56	6.91552581517984	0.344220419452299	-2.46069091608204	1100001.5
54	6.66854275035199	0.951617648354165	-2.21230292443367	1102501.5
64	7.90345807449125	1.09188195673939	-2.25872156280711	1105001.5
54	6.66854275035199	1.01206622683778	-2.1889108798343	1107501.5
52	6.42155968552414	1.38594191792405	-2.01605655167744	1110001.5
47	5.80410202345451	0.747370862657706	-2.21631297753294	1112501.5
41	5.06315282897096	0.726303117852414	-2.14505687213371	1115001.5
41	5.06315282897096	1.46445460337594	-1.77995846610904	1117501.5
39	4.81616976414311	1.09205753595997	-1.92455142932782	1120001.5
49	6.05108508828236	1.19092801545567	-2.05235103379702	1122501.5
53	6.54505121793807	1.13207785382296	-2.13028831990282	1125001.5
54	6.66854275035199	0.84575688443775	-2.25326831639118	1127501.5
87	10.7437633200115	1.06722511428798	-2.41525684360857	1130001.5
99	12.2256617089787	1.04290416251942	-2.47254421494775	1132501.5
90	11.1142379172533	0.986838605114112	-2.44887218714567	1135001.5
87	10.7437633200115	0.807867006080678	-2.47999243731734	1137501.5
61	7.53298347724947	0.520897744188709	-2.42944807369021	1140001.5
55	6.79203428276592	0.53025042059738	-2.38332078630573	1142501.5
74	9.13837339863051	0.736190753023457	-2.43777320818334	1145001.5
69	8.52091573656088	0.558702475432122	-2.46414740733852	1147501.5
72	8.89139033380266	0.587667174613241	-2.47097906081569	1150001.5
63	7.77996654207733	1.11211584705229	-2.24313920602483	1152501.5
54	6.66854275035199	0.953668812961152	-2.21150917650492	1155001.5
69	8.52091573656088	0.857595269343809	-2.37164600364147	1157501.5
58	7.1625088800077	1.01699301500057	-2.22918606917996	1160001.5
56	6.91552581517984	0.599458581801419	-2.36511443778622	1162501.5
42	5.18664436138488	0.544420074753294	-2.24791192321278	1165001.5
29	3.58125444000385	0.499031378179437	-2.05494758253554	1167501.5
42	5.18664436138488	0.471404369514984	-2.28326843859262	1170001.5
63	7.77996654207733	0.428530742512192	-2.47310484544632	1172501.5
80	9.87932259311406	0.539714081864546	-2.52076236569532	1175001.5
91	11.2377294496672	1.12902195327479	-2.41917873899575	1177501.5
92	11.3612209820812	1.05927589720101	-2.44029297575854	1180001.5
71	8.76789880138873	1.00473300507653	-2.34012737536267	1182501.5
63	7.77996654207733	1.1947296872752	-2.21534699044589	1185001.5
69	8.52091573656088	0.708147991555755	-2.41789697809013	1187501.5
70	8.64440726897481	0.765435556847443	-2.40629244412101	1190001.5
91	11.2377294496672	1.12261419255579	-2.42071222074913	1192501.5
97	11.9786786441508	0.905836100614527	-2.49571981368253	1195001.5
86	10.6202717875976	0.868730162924598	-2.46041073056598	1197501.5
82	10.1263056579419	0.738879640150681	-2.47611880961101	1200001.5
76	9.38535646345836	0.60559680786407	-2.48520395230368	1202501.5
84	10.3732887227698	1.16595818395887	-2.37468341918035	1205001.5
87	10.7437633200115	1.14956002431097	-2.39470611041524	1207501.5
81	10.002814125528	1.15682689004572	-2.36010641066801	1210001.5
68	8.39742420414695	0.864380613470273	-2.36284492112591	1212501.5
58	7.1625088800077	0.576921608869393	-2.38881482444491	1215001.5
69	8.52091573656088	0.897106466189256	-2.35941807026736	1217501.5
85	10.4967802551837	0.972489261187303	-2.42945858408077	1220001.5
83	10.2497971903558	0.96492056361517	-2.4215703071436	1222501.5
96	11.8551871117369	0.704719205371902	-2.53782500873428	1225001.5
98	12.1021701765647	0.534345115932199	-2.58224554632982	1227501.5
84	10.3732887227698	0.487716794827753	-2.5496101880394	1230001.5
100	12.3491532413926	0.62152519033316	-2.56858603481287	1232501.5
75	9.26186493104444	0.515793615140918	-2.5062247248029	1235001.5
65	8.02694960690518	0.442173659006363	-2.47965999809757	1237501.5
74	9.13837339863051	0.742604385957186	-2.43591238425313	1240001.5
67	8.27393267173303	0.643187203269649	-2.42629478419932	1242501.5
74	9.13837339863051	0.776824717326263	-2.42598384419332	1245001.5
62	7.6564750096634	0.69900671487755	-2.37503003863066	1247501.5
46	5.68061049104059	0.34064541512154	-2.38569165138436	1250001.5
48	5.92759355586844	0.440249921459128	-2.36029996703597	1252501.5
58	7.1625088800077	0.445879026504241	-2.4363483929027	1255001.5
72	8.89139033380266	0.74838734302836	-2.42315278298933	1257501.5
107	13.2135939682901	1.2231318282847	-2.46368761615209	1260001.5
115	14.2015262276015	1.4004545094205	-2.45659640798833	1262501.5
102	12.5961363062204	1.58880462260744	-2.36624063380229	1265001.5
93	11.4847125144951	1.34536139077534	-2.37754440996128	1267501.5
63	7.77996654207733	0.888208886422559	-2.31846400030451	1270001.5
54	6.66854275035199	1.41780044452666	-2.03190217667284	1272501.5
71	8.76789880138873	1.25324924321833	-2.26521468286626	1275001.5
82	10.1263056579419	1.3509517392032	-2.314672718379	1277501.5
100	12.3491532413926	1.44496942044177	-2.38823521359859	1280001.5
103	12.7196278386344	0.730722546662086	-2.55363663984429	1282501.5
85	10.4967802551837	0.610598173153996	-2.52176985542674	1285001.5
73	9.01488186621658	0.492204341328354	-2.50403110545596	1287501.5
89	10.9907463848394	6.15310214423921	-1.18207550157507	1290001.5
91	11.2377294496672	9.02434385340603	-0.529699308995288	1292501.5
99	12.2256617089787	9.07298634416463	-0.697066819386364	1295001.5
97	11.9786786441508	9.2386984823261	-0.6175670567044	1297501.5
69	8.52091573656088	3.63159427693952	-1.51314821686434	1300001.5
63	7.77996654207733	0.672467240382046	-2.39104189185312	1302501.5
58	7.1625088800077	0.610033853317948	-2.37680389555539	1305001.5
61	7.53298347724947	0.388382410367982	-2.4753601082461	1307501.5
54	6.66854275035199	0.368815603648994	-2.43783232089482	1310001.5
66	8.1504411393191	0.716469507056934	-2.39657816067579	1312501.5
66	8.1504411393191	0.809541761723143	-2.36657334710752	1315001.5
76	9.38535646345836	1.67108081048308	-2.18360742138522	1317501.5
81	10.002814125528	1.98403051202776	-2.13940876333965	1320001.5
67	8.27393267173303	1.85886953994134	-2.03975277137764	1322501.5
85	10.4967802551837	2.08194264607868	-2.14645893074585	1325001.5
90	11.1142379172533	1.3797150214189	-2.35387206922586	1327501.5
95	11.731695579323	0.971759344895724	-2.47315861290916	1330001.5
129	15.9304076813964	0.914960935091474	-2.58317696633281	1332501.5
142	17.5357976027775	0.707456831881428	-2.64117142655029	1335001.5
132	16.3008822786382	0.562228740380578	-2.64883007627	1337501.5
129	15.9304076813964	0.662641263465722	-2.62658469005283	1340001.5
103	12.7196278386344	0.794321568351111	-2.54009004921836	1342501.5
75	9.26186493104444	0.676012883639129	-2.46031319749008	1345001.5
82	10.1263056579419	0.774385399325282	-2.46675346516247	1347501.5
98	12.1021701765647	0.757599086283387	-2.53240933532057	1350001.5
93	11.4847125144951	0.810084941586144	-2.50305969333839	1352501.5
90	11.1142379172533	0.813299979153638	-2.49083497555875	1355001.5
76	9.38535646345836	1.07250952032814	-2.35303936421531	1357501.5
64	7.90345807449125	0.97556277837968	-2.29729305225203	1360001.5
63	7.77996654207733	0.640712651980258	-2.40172448891072	1362501.5
57	7.03901734759377	0.667848156271379	-2.34779569624309	1365001.5
67	8.27393267173303	0.376113592121837	-2.51121431301905	1367501.5
54	6.66854275035199	0.31628511951425	-2.45816026670482	1370001.5
51	6.29806815311022	1.66255729079501	-1.88854182554662	1372501.5
61	7.53298347724947	2.34964282253873	-1.79585040004502	1375001.5
53	6.54505121793807	2.35235696018932	-1.65004462527332	1377501.5
61	7.53298347724947	2.48231729337878	-1.74988322995032	1380001.5
58	7.1625088800077	1.09509934319278	-2.20085426717254	1382501.5
55	6.79203428276592	0.385157977256912	-2.43854495944247	1385001.5
73	9.01488186621658	0.592097173409437	-2.4746817891158	1387501.5
79	9.75583106070014	0.844200747532936	-2.43353361861757	1390001.5
78	9.63233952828621	0.860280633142193	-2.42392450584908	1392501.5
84	10.3732887227698	0.956628409187667	-2.42867213428019	1395001.5
58	7.1625088800077	0.669171753472681	-2.3553525827476	1397501.5
55	6.79203428276592	0.451095902074947	-2.41344808125507	1400001.5
88	10.8672548524255	0.620750057988121	-2.5303371804453	1402501.5
100	12.3491532413926	0.655246970671224	-2.56120028778301	1405001.5
118	14.5720008248432	0.895243212453793	-2.5612444533977	1407501.5
121	14.942475422085	0.77874375710171	-2.58988298789363	1410001.5
104	12.8431193710483	0.656463106342873	-2.57219230684485	1412501.5
99	12.2256617089787	0.547304506631198	-2.58212291742838	1415001.5
88	10.8672548524255	0.314885770742865	-2.60586925637886	1417501.5
82	10.1263056579419	0.281442920604721	-2.59677676881387	1420001.5
72	8.89139033380266	0.277505600624804	-2.56327534046067	1422501.5
76	9.38535646345836	0.442259393341496	-2.5314383373044	1425001.5
75	9.26186493104444	0.580327493415779	-2.4877322616754	1427501.5
69	8.52091573656088	0.6618790499931	-2.43221629969742	1430001.5
57	7.03901734759377	0.5818613159046	-2.3794821148084	1432501.5
45	5.55711895862666	0.453623303296955	-2.32500118035601	1435001.5
50	6.17457662069629	0.279114587462234	-2.44490670725734	1437501.5
68	8.39742420414695	0.27100094836268	-2.54896678689265	1440001.5
75	9.26186493104444	0.456598754503255	-2.52318726923604	1442501.5
72	8.89139033380266	1.63681350139612	-2.1587795142372	1445001.5
68	8.39742420414695	1.86351446179684	-2.04945255711978	1447501.5
51	6.29806815311022	1.84170446904902	-1.81555592407633	1450001.5
62	7.6564750096634	2.05285110705928	-1.9128761397084	1452501.5
73	9.01488186621658	0.968418054711425	-2.3641156918229	1455001.5
77	9.50884799587229	0.930494117508889	-2.39894749444095	1457501.5
92	11.3612209820812	1.57630150299336	-2.31782154500376	1460001.5
83	10.2497971903558	1.19905516064911	-2.36050612601927	1462501.5
76	9.38535646345836	2.19445545484707	-2.03546068551413	1465001.5
78	9.63233952828621	2.12085487702114	-2.07559843580048	1467501.5
60	7.40949194483555	1.48711078226709	-2.08303816852887	1470001.5
62	7.6564750096634	1.96315596308726	-1.94349484355683	1472501.5
72	8.89139033380266	0.849500421331407	-2.39306407525286	1475001.5
77	9.50884799587229	0.91207650321357	-2.40409800353556	1477501.5
99	12.2256617089787	1.04180547114247	-2.47278713919938	1480001.5
101	12.4726447738065	0.693106313511673	-2.55587542212714	1482501.5
97	11.9786786441508	0.857450225639851	-2.50662555774977	1485001.5
103	12.7196278386344	0.727207438921627	-2.55438535773808	1487501.5
93	11.4847125144951	0.557567376323817	-2.56227173939349	1490001.5
91	11.2377294496672	0.429143801730542	-2.58667100689526	1492501.5
86	10.6202717875976	0.256083174049509	-2.61498764604193	1495001.5
75	9.26186493104444	0.207500579881205	-2.59456743315099	1497501.5
82	10.1263056579419	0.311208002654241	-2.58892564121054	1500001.5
88	10.8672548524255	0.48743727740636	-2.56325828789627	1502501.5
105	12.9666109034622	0.685879378837125	-2.5687292506062	1505001.5
134	16.5478653434661	0.912589147559948	-2.59390240105871	1507501.5
118	14.5720008248432	1.28012167228931	-2.4891683189495	1510001.5
107	13.2135939682901	1.11139415186135	-2.48664642511603	1512501.5
80	9.87932259311406	0.891139121575398	-2.42591267114987	1515001.5
58	7.1625088800077	0.802846262482127	-2.30686432564537	1517501.5
62	7.6564750096634	0.340166829620626	-2.49752510011483	1520001.5
65	8.02694960690518	0.326218557960228	-2.51756872837709	1522501.5
90	11.1142379172533	0.853411316345016	-2.48113578872809	1525001.5
80	9.87932259311406	0.810776101260471	-2.44760266778725	1527501.5
86	10.6202717875976	1.00095071156562	-2.42705017392799	1530001.5
97	11.9786786441508	1.04631357039464	-2.46405744665006	1532501.5
82	10.1263056579419	0.830005842853661	-2.45208247588826	1535001.5
79	9.75583106070014	0.786861506751579	-2.44919146855118	1537501.5
73	9.01488186621658	1.27369923103348	-2.27442163039816	1540001.5
62	7.6564750096634	1.22732341516265	-2.19468167340308	1542501.5
56	6.91552581517984	0.94327499287994	-2.23636894985153	1545001.5
72	8.89139033380266	1.45836394225264	-2.21188161260947	1547501.5
86	10.6202717875976	1.40129364890615	-2.32603967765459	1550001.5
91	11.2377294496672	1.41403635488143	-2.35097013953628	1552501.5
106	13.0901024358761	1.91353868468262	-2.31692985375783	1555001.5
137	16.9183399407078	1.70325526223843	-2.47132574293961	1557501.5
127	15.6834246165686	1.52081670762536	-2.4730364278871	1560001.5
116	14.3250177600154	1.57063540299542	-2.42760506016281	1562501.5
92	11.3612209820812	1.48947199981209	-2.33838944989513	1565001.5
46	5.68061049104059	1.35458664012426	-1.93270158851075	1567501.5
38	4.69267823172918	0.977344408330324	-1.96406143456709	1570001.5
41	5.06315282897096	1.35292421613274	-1.83512270733105	1572501.5
68	8.39742420414695	1.09608059027503	-2.29016896925758	1575001.5
90	11.1142379172533	1.55543576237496	-2.31138163096338	1577501.5
106	13.0901024358761	1.60003699495283	-2.38191954471369	1580001.5
129	15.9304076813964	1.89133818965492	-2.41520625743197	1582501.5
120	14.8189838896711	1.8405587999542	-2.39195002460138	1585001.5
104	12.8431193710483	1.18017599027561	-2.46165417220092	1587501.5
89	10.9907463848394	1.32453910454598	-2.36193201709348	1590001.5
93	11.4847125144951	0.71238068393685	-2.52597005602029	1592501.5
82	10.1263056579419	0.608172361246906	-2.5105954330468	1595001.5
71	8.76789880138873	0.682144063044097	-2.43736853110328	1597501.5
75	9.26186493104444	0.492389316092511	-2.51293132835359	1600001.5
64	7.90345807449125	0.526684811810198	-2.44614117853475	1602501.5
71	8.76789880138873	0.570818616095153	-2.47092645486983	1605001.5
90	11.1142379172533	0.512054776019049	-2.56367805962507	1607501.5
87	10.7437633200115	0.52907421598593	-2.54957891338031	1610001.5
72	8.89139033380266	0.851690170206144	-2.39241246108964	1612501.5
83	10.2497971903558	1.01716741977821	-2.4079439079342	1615001.5
86	10.6202717875976	1.51624518845405	-2.29703626339615	1617501.5
84	10.3732887227698	1.49152786219086	-2.29071500798597	1620001.5
105	12.9666109034622	1.15726260837906	-2.47013122429632	1622501.5
85	10.4967802551837	0.987417018265524	-2.42565080798514	1625001.5
62	7.6564750096634	0.454770734056203	-2.4584034391821	1627501.5
65	8.02694960690518	0.678309506822045	-2.40246106434296	1630001.5
45	5.55711895862666	0.54588460510824	-2.28296966899606	1632501.5
65	8.02694960690518	1.39162387290178	-2.16926009548293	1635001.5
101	12.4726447738065	3.90593768992945	-1.85876858911294	1637501.5
94	11.608204046909	3.65350351011636	-1.84664090302908	1640001.5
105	12.9666109034622	4.24028221864017	-1.82526388580021	1642501.5
98	12.1021701765647	4.118252898672	-1.78222221766353	1645001.5
89	10.9907463848394	1.71581416789249	-2.26632418738218	1647501.5
114	14.0780346951875	1.81548679192101	-2.37283060924547	1650001.5
115	14.2015262276015	1.78857619345424	-2.38211371186332	1652501.5
107	13.2135939682901	0.993053757189793	-2.51096189865146	1655001.5
105	12.9666109034622	1.0066226837783	-2.50164019262245	1657501.5
84	10.3732887227698	0.849581457894752	-2.45628085531367	1660001.5
80	9.87932259311406	0.319770866181035	-2.5801250873787	1662501.5
85	10.4967802551837	0.337953004665475	-2.59131625477659	1665001.5
61	7.53298347724947	0.245074533085526	-2.52501139028434	1667501.5
63	7.77996654207733	0.238597480232657	-2.53700050937673	1670001.5
51	6.29806815311022	0.3922797992877	-2.40606238455655	1672501.5
62	7.6564750096634	1.93522594814247	-1.95302914851701	1675001.5
83	10.2497971903558	1.94808668563392	-2.16515269560385	1677501.5
101	12.4726447738065	2.13226928802332	-2.24361180607901	1680001.5
119	14.6954923572572	2.5154747538808	-2.26273147815904	1682501.5
130	16.0538992138104	1.10940112218024	-2.55209850831712	1685001.5
108	13.337085500704	1.04563063182094	-2.50341107368725	1687501.5
91	11.2377294496672	1.26163770196749	-2.38744162524428	1690001.5
81	10.002814125528	0.753655894088735	-2.46767229639942	1692501.5
84	10.3732887227698	0.942289635247382	-2.43237027985928	1695001.5
96	11.8551871117369	1.00801087534169	-2.46879640908684	1697501.5
89	10.9907463848394	0.590511088209474	-2.541291327623	1700001.5
81	10.002814125528	0.512128178703239	-2.53211180939678	1702501.5
45	5.55711895862666	0.158672527136972	-2.45937200165821	1705001.5
64	7.90345807449125	0.490985269549337	-2.45797916206352	1707501.5
68	8.39742420414695	0.512589147559948	-2.47318925519434	1710001.5
77	9.50884799587229	0.698016659473204	-2.46396010914263	1712501.5
90	11.1142379172533	0.782482009002105	-2.49828696472619	1715001.5
74	9.13837339863051	0.532820688986955	-2.49677812563939	1717501.5
111	13.7075600979458	0.861124470399634	-2.54945452143492	1720001.5
100	12.3491532413926	0.673463168001127	-2.55721057478518	1722501.5
91	11.2377294496672	0.779274018092294	-2.50287912988184	1725001.5
91	11.2377294496672	0.682758883926867	-2.52597677719705	1727501.5
49	6.05108508828236	0.381904183072167	-2.39398626777785	1730001.5
57	7.03901734759377	0.418520965274658	-2.43967354289889	1732501.5
79	9.75583106070014	0.446380513642623	-2.5421679402083	1735001.5
67	8.27393267173303	0.409653333803111	-2.50054991585878	1737501.5
92	11.3612209820812	1.45070070202327	-2.34757347532679	1740001.5
86	10.6202717875976	1.44689491965342	-2.31453402447764	1742501.5
72	8.89139033380266	2.00468015514391	-2.04931165492193	1745001.5
76	9.38535646345836	2.02403145158212	-2.0837010045087	1747501.5
67	8.27393267173303	1.51659106190195	-2.14858466590784	1750001.5
66	8.1504411393191	1.47736995246442	-2.1512776026271	1752501.5
68	8.39742420414695	0.801472164234102	-2.38257703975557	1755001.5
66	8.1504411393191	0.878451614418636	-2.34435805544449	1757501.5
85	10.4967802551837	0.476413368684066	-2.55599774968975	1760001.5
105	12.9666109034622	0.588383584810929	-2.58912219685896	1762501.5
94	11.608204046909	0.581275856095506	-2.55984201262351	1765001.5
98	12.1021701765647	0.54398846697026	-2.580092894458	1767501.5
75	9.26186493104444	0.541776990901003	-2.49877907561807	1770001.5
70	8.64440726897481	0.537590689016316	-2.47587784230818	1772501.5
69	8.52091573656088	0.43502776089516	-2.5024222835802	1775001.5
74	9.13837339863051	0.45649775240981	-2.51892213485763	1777501.5
74	9.13837339863051	0.312705417411704	-2.56064142573543	1780001.5
64	7.90345807449125	0.227590013711621	-2.54532114189566	1782501.5
69	8.52091573656088	0.250262047582556	-2.55960361476195	1785001.5
103	12.7196278386344	0.501023820639073	-2.60256246489778	1787501.5
117	14.4485092924293	0.596858952338169	-2.61505250391563	1790001.5
109	13.4605770331179	0.609440759629698	-2.59467517395627	1792501.5
105	12.9666109034622	0.594343295545631	-2.58787561938442	1795001.5
66	8.1504411393191	0.306178450733586	-2.52884858538899	1797501.5
47	5.80410202345451	0.188706556621363	-2.46116976587715	1800001.5
51	6.29806815311022	0.609244040436071	-2.31766952857432	1802501.5
72	8.89139033380266	1.75485206423028	-2.12365420820996	1805001.5
79	9.75583106070014	1.8978305102661	-2.14581483326818	1807501.5
81	10.002814125528	2.09686335649922	-2.10930499849327	1810001.5
116	14.3250177600154	3.56908337664092	-2.04723051300775	1812501.5
99	12.2256617089787	2.4245728697807	-2.16705275142274	1815001.5
102	12.5961363062204	2.34528270309789	-2.20362091595532	1817501.5
103	12.7196278386344	2.16355057591746	-2.24844429200312	1820001.5
80	9.87932259311406	0.320363959869285	-2.57996501126342	1822501.5
72	8.89139033380266	0.326660148508311	-2.54864818391468	1825001.5
64	7.90345807449125	0.284345556348305	-2.52650097960926	1827501.5
54	6.66854275035199	0.30334217101651	-2.46316885476596	1830001.5
60	7.40949194483555	0.285350292289488	-2.50572507457861	1832501.5
71	8.76789880138873	0.439224045544897	-2.51059429980237	1835001.5
90	11.1142379172533	0.736793829476756	-2.50933466894644	1837501.5
104	12.8431193710483	0.817709425198261	-2.53815864479203	1840001.5
106	13.0901024358761	0.893086347981573	-2.5284721968136	1842501.5
123	15.1894584869129	0.830973583842014	-2.58485432393247	1845001.5
109	13.4605770331179	0.527051238009672	-2.61130981557801	1847501.5
103	12.7196278386344	0.523795682160505	-2.59771205874956	1850001.5
87	10.7437633200115	0.43928629102109	-2.57198991364035	1852501.5
67	8.27393267173303	0.581614682885724	-2.44587256800497	1855001.5
74	9.13837339863051	0.635438815926621	-2.46700494275598	1857501.5
96	11.8551871117369	0.670998012255312	-2.54549988730748	1860001.5
106	13.0901024358761	1.25666276164387	-2.45310188929431	1862501.5
104	12.8431193710483	1.0216684723727	-2.4951097657018	1865001.5
102	12.5961363062204	0.963696206842892	-2.50061987996564	1867501.5
100	12.3491532413926	1.13645324102212	-2.45580645191899	1870001.5
114	14.0780346951875	0.619058272922924	-2.60434221956069	1872501.5
129	15.9304076813964	0.88868864636642	-2.58769671004966	1875001.5
119	14.6954923572572	0.954994759048349	-2.55262820247625	1877501.5
111	13.7075600979458	1.17471130724308	-2.48722127618059	1880001.5
105	12.9666109034622	1.60106345808854	-2.37730253393641	1882501.5
98	12.1021701765647	1.40538951868392	-2.38780531941839	1885001.5
126	15.5599330841547	2.17133713265627	-2.35556243148064	1887501.5
116	14.3250177600154	1.64988974916835	-2.41252018608395	1890001.5
92	11.3612209820812	1.18714865805213	-2.41000287058667	1892501.5
80	9.87932259311406	1.10561178201164	-2.3680264535159	1895001.5
61	7.53298347724947	0.826406175221015	-2.32359984286095	1897501.5
53	6.54505121793807	0.801489780878307	-2.26039202873722	1900001.5
57	7.03901734759377	0.758745342599688	-2.31429979989287	1902501.5
62	7.6564750096634	0.861323538479155	-2.31962089905645	1905001.5
63	7.77996654207733	0.781077375237458	-2.35450423334682	1907501.5
83	10.2497971903558	1.23863212629959	-2.35018413589287	1910001.5
92	11.3612209820812	1.28536379838338	-2.38673797108577	1912501.5
87	10.7437633200115	1.18385963057897	-2.38614495383107	1915001.5
59	7.28600041242162	0.624637464142789	-2.37906017919321	1917501.5
30	3.70474597241777	0.146562258688676	-2.30517319912718	1920001.5
10	1.23491532413926	0.032441637525801	-1.84343113536954	1922501.5
1	0.123491532413926	0.00216567279432274	-0.753035048004359	1925001.5
2	0.246983064827852	0.00324909641295763	-1.03362872072042	1927501.5
14	1.72888145379496	0.129581575339047	-1.91298781979195	1930001.5
33	4.07522056965955	1.26106516103081	-1.68077226751541	1932501.5
49	6.05108508828236	1.7346399011119	-1.82275194185547	1935001.5
58	7.1625088800077	1.80455507697005	-1.94351072219182	1937501.5
55	6.79203428276592	1.69554445706971	-1.93979389997197	1940001.5
48	5.92759355586844	1.36251413001671	-1.96360161422883	1942501.5
38	4.69267823172918	0.941189769427488	-1.98317409989545	1945001.5
53	6.54505121793807	0.968392804188064	-2.19470695378925	1947501.5
54	6.66854275035199	0.969477402249646	-2.20539165918746	1950001.5
63	7.77996654207733	0.330590421830545	-2.50605305967907	1952501.5
75	9.26186493104444	0.315141212083843	-2.56372254244799	1955001.5
63	7.77996654207733	0.256961657373887	-2.53082259574068	1957501.5
64	7.90345807449125	0.33651372483389	-2.50920199255933	1960001.5
69	8.52091573656088	0.472643994045574	-2.49078080396247	1962501.5
69	8.52091573656088	0.797419748845376	-2.3902691361749	1965001.5
72	8.89139033380266	0.84155002980149	-2.39542991171189	1967501.5
69	8.52091573656088	0.836240373237969	-2.37825492130637	1970001.5
57	7.03901734759377	1.12988986661264	-2.17753188650131	1972501.5
70	8.64440726897481	2.38061170860896	-1.91300647839963	1975001.5
64	7.90345807449125	2.32566950588249	-1.84959708221741	1977501.5
82	10.1263056579419	2.93930772460487	-1.89571249175698	1980001.5
110	13.5840685655318	5.67909697081803	-1.58229413707489	1982501.5
104	12.8431193710483	8.51414411002182	-0.913700741292149	1985001.5
139	17.1653230055357	10.5385689999912	-1.06153600714987	1987501.5
153	18.8942044593306	10.9937689929445	-1.15431436754713	1990001.5
171	21.1170520427813	10.2564912929736	-1.42570107042859	1992501.5
172	21.2405435751952	7.07444030453306	-1.84920059946627	1995001.5
167	20.6230859131256	7.61941178024998	-1.74643593550734	1997501.5
144	17.7827806676053	8.34032890274732	-1.46224606553946	2000001.5
83	10.2497971903558	5.74630564290475	-1.17454672239495	2002501.5
57	7.03901734759377	4.48101072560021	-0.94263340961932	2005001.5
17	2.09935605103674	1.88240420215686	-0.223445410302403	2007501.5
NA	NA	NA	NA	2010001.5
NA	NA	NA	NA	2012501.5
NA	NA	NA	NA	2015001.5
NA	NA	NA	NA	2017501.5
NA	NA	NA	NA	2020001.5
NA	NA	NA	NA	2022501.5
NA	NA	NA	NA	2025001.5
NA	NA	NA	NA	2027501.5
NA	NA	NA	NA	2030001.5
NA	NA	NA	NA	2032501.5
NA	NA	NA	NA	2035001.5
