"TajD.DRC"	"TajD.Gambia"	"TajD.Kenya"	"TajD.Myanmar"	"position"
NA	NA	NA	NA	5001.5
NA	NA	NA	NA	7501.5
NA	NA	NA	NA	10001.5
NA	NA	NA	NA	12501.5
NA	NA	NA	NA	15001.5
NA	NA	NA	NA	17501.5
NA	NA	NA	NA	20001.5
NA	NA	NA	NA	22501.5
NA	NA	NA	NA	25001.5
NA	NA	NA	NA	27501.5
NA	NA	NA	NA	30001.5
NA	NA	NA	NA	32501.5
NA	NA	NA	NA	35001.5
NA	NA	NA	NA	37501.5
NA	NA	NA	NA	40001.5
NA	NA	NA	NA	42501.5
NA	NA	NA	NA	45001.5
NA	NA	NA	NA	47501.5
NA	NA	NA	NA	50001.5
NA	NA	NA	NA	52501.5
NA	NA	NA	NA	55001.5
NA	NA	NA	NA	57501.5
NA	NA	NA	NA	60001.5
NA	NA	NA	NA	62501.5
NA	NA	NA	NA	65001.5
NA	NA	NA	NA	67501.5
NA	NA	NA	NA	70001.5
NA	NA	NA	NA	72501.5
NA	NA	NA	NA	75001.5
NA	NA	NA	NA	77501.5
NA	NA	NA	NA	80001.5
NA	NA	NA	NA	82501.5
NA	NA	NA	NA	85001.5
NA	NA	NA	NA	87501.5
NA	NA	NA	NA	90001.5
NA	NA	NA	NA	92501.5
NA	NA	NA	NA	95001.5
NA	NA	NA	NA	97501.5
NA	NA	NA	NA	100001.5
NA	NA	NA	NA	102501.5
NA	NA	NA	NA	105001.5
-1.64286591882927	-1.05216952811197	-1.16239055059924	0.466731037313582	107501.5
-2.01182566243326	-1.55794405900639	-1.49094088139003	-0.769444876545671	110001.5
-2.20199922644329	-1.93520141932709	-1.89303899900925	-0.752944640511512	112501.5
-2.14061195823259	-1.84240901337162	-1.73414979814457	-0.500233700086223	115001.5
-2.20501635792689	-2.03389098616076	-1.88738724043846	-0.396573262886374	117501.5
-2.15035336874793	-1.95769568158952	-1.90712361358478	0.0286160432632317	120001.5
-2.07538959773206	-1.69425397572136	-1.66949525126766	-0.247924741428984	122501.5
-2.26118077690444	-1.94475447112869	-2.02193247058954	-0.238724495025315	125001.5
-2.36132937391196	-1.99386760480523	-2.12941000479549	-0.611220367040108	127501.5
-2.41381779585085	-2.30403173893032	-2.24049652041016	-0.706071833944357	130001.5
-2.4796389762215	-2.43751982537993	-2.39765465419471	-0.442928088692405	132501.5
-2.08736122065286	-2.14459394620079	-1.93303482838414	-0.527470100243941	135001.5
-2.06236371367805	-2.20104762576549	-1.88708464894978	-0.704867388272874	137501.5
-2.24031493612104	-2.20688843743443	-2.09212322497243	-1.03253434933749	140001.5
-2.32545905018616	-2.25525594841496	-2.21534069817097	-1.12988385736813	142501.5
-2.73253878828785	-2.63981906222932	-2.69149922617845	-1.6492650098256	145001.5
-2.72594622453806	-2.58895640472025	-2.681804645793	-1.87050845432109	147501.5
-2.7153611399659	-2.59868226344346	-2.6573364335427	-1.7824632260302	150001.5
-2.7294642529491	-2.63096472233554	-2.64781595397361	-1.84634547837444	152501.5
-2.71409575217483	-2.60421051256199	-2.62947949888165	-2.00160646364146	155001.5
-2.72984127211941	-2.67254706411497	-2.63987638646121	-1.83009456930027	157501.5
-2.73944747502002	-2.68298710254898	-2.68696087755679	-1.91769975343373	160001.5
-2.75069785996065	-2.71272744189954	-2.6734695591295	-1.98118286968128	162501.5
-2.78762393594578	-2.72519267422303	-2.73087423852963	-1.94446123327541	165001.5
-2.78196525121847	-2.66133856588977	-2.7166919832137	-1.77270518038242	167501.5
-2.7980248415875	-2.68530152000969	-2.74153333309834	-1.75158366949693	170001.5
-2.78685574165195	-2.67032264618141	-2.76312177308183	-1.82342461743047	172501.5
-2.77712822757436	-2.65773716788774	-2.74234482737934	-1.95716462790916	175001.5
-2.76339957242432	-2.68772540207872	-2.72447827388887	-2.14592687457206	177501.5
-2.75741714256458	-2.68371757573493	-2.7190601588531	-2.1589349475615	180001.5
-2.67994284792986	-2.54400820945723	-2.55228784953318	-1.99848589752327	182501.5
-2.60831779937027	-2.51146962867463	-2.48036897023717	-1.86864921653599	185001.5
-2.58374725554929	-2.44427838696726	-2.48808975650745	-1.72140597305125	187501.5
-2.5800431237618	-2.4145757412405	-2.3924497555802	-1.45915644643267	190001.5
-2.63877151129781	-2.57357947756095	-2.52786475607711	-1.42501002969342	192501.5
-2.68186760464546	-2.61651945895593	-2.60052397497215	-1.69653786519395	195001.5
-2.7149751802856	-2.65838797972718	-2.57500059655567	-1.92360657217025	197501.5
-2.72264901214417	-2.64182750136713	-2.63378404557273	-2.1671710447674	200001.5
-2.72203106519308	-2.66395740315442	-2.64446380766711	-2.24310880469345	202501.5
-2.71185482839461	-2.66771419624092	-2.59828038798411	-2.28323521754816	205001.5
-2.71726860346022	-2.67034514066496	-2.66756897346303	-2.37027784855234	207501.5
-2.68138176607298	-2.68002284279971	-2.60315478621895	-2.25045778301346	210001.5
-2.68083602791378	-2.60528542596747	-2.57303109659531	-2.28420281408274	212501.5
-2.66061410078221	-2.56868377137255	-2.48246918343731	-2.15043754826174	215001.5
-2.6091358675456	-2.52378619742332	-2.33843794761199	-1.9349042404207	217501.5
-2.64014488296227	-2.52931182667919	-2.40910531002849	-1.93940651133355	220001.5
-2.61423865426397	-2.54500264312114	-2.35296247589452	-1.88921097938451	222501.5
-2.66059428815071	-2.63571943249013	-2.54830184809138	-1.87073028503982	225001.5
-2.69283476832391	-2.63303005856887	-2.59546055154691	-1.7186950120937	227501.5
-2.62864707899049	-2.56069679237469	-2.47900023419516	-1.08054107419537	230001.5
-2.65249574078586	-2.57457920539463	-2.52562716688659	-1.07951842544241	232501.5
-2.62770921572868	-2.53025559836758	-2.50462418347982	-1.16121883997584	235001.5
-2.60632230095339	-2.53202065611802	-2.48996218440231	-1.47590902035578	237501.5
-2.65869264641382	-2.58986827965894	-2.5869701509701	-2.14933877522017	240001.5
-2.62928645197897	-2.6050665764705	-2.53552520621485	-2.17469520088888	242501.5
-2.63113934848498	-2.54653332004898	-2.53700549736887	-1.82075523913849	245001.5
-2.64756716683409	-2.5390285993277	-2.48694045037785	-1.51419144401728	247501.5
-2.65221369166178	-2.47434450731526	-2.54364117184093	-1.16943716925234	250001.5
-2.68220111734827	-2.5015630271501	-2.54390830887325	-1.12460747746283	252501.5
-2.68199825553698	-2.47533690589385	-2.48501003766479	-1.33743061337806	255001.5
-2.69004716784904	-2.52146013193086	-2.56270500347906	-1.71195241661446	257501.5
-2.71861235642491	-2.61864589076399	-2.4902978669018	-1.87953316324929	260001.5
-2.66049084945265	-2.50584420662447	-2.46220914644013	-2.1186558483902	262501.5
-2.62113470971894	-2.51841540596853	-2.4797975490365	-1.8934669805864	265001.5
-2.68289752830457	-2.57047369638287	-2.56589394433057	-1.75279949503554	267501.5
-2.69143892400902	-2.59106930811982	-2.59343291530837	-1.86837567595516	270001.5
-2.73741088018887	-2.64943369505859	-2.65508912571952	-1.74237147404952	272501.5
-2.79739113132836	-2.69591307729401	-2.70567356170205	-2.15841190780624	275001.5
-2.79783996325341	-2.69790306299131	-2.68273920539591	-1.89115034282988	277501.5
-2.75362071398163	-2.6330183804068	-2.6162723069464	-1.80181431189929	280001.5
-2.73265104258714	-2.58908546549947	-2.55686032682674	-1.5371832159184	282501.5
-2.66948509929858	-2.55819729849448	-2.54066622072273	-1.0077200758647	285001.5
-2.60756679727266	-2.51959975684998	-2.48830265599283	-1.22044831619823	287501.5
-2.65416818412864	-2.55550267878823	-2.58616859431581	-1.16429226707375	290001.5
-2.68462030726884	-2.59284544308601	-2.64727837150343	-1.6437893295325	292501.5
-2.73135030283429	-2.6401369308736	-2.66638697095927	-1.7881776899178	295001.5
-2.65283432957147	-2.50359688956813	-2.55244685922461	-1.00230734935855	297501.5
-2.63529489372522	-2.48357238705168	-2.53946634511822	-1.48274266149742	300001.5
-2.5702541899151	-2.45866007747651	-2.48680678595145	-1.38577282893958	302501.5
-2.60130842842919	-2.4223637909572	-2.5134940554805	-1.5952522059568	305001.5
-2.67135795947773	-2.51167602915435	-2.60814478614309	-2.0098032411481	307501.5
-2.63396320208445	-2.49979672518435	-2.57829134932375	-1.76758788602364	310001.5
-2.72177497476148	-2.52575203140037	-2.65311829702526	-2.03286164223171	312501.5
-2.3354649278655	-2.08022105330519	-2.02738693564522	-1.76148465750714	315001.5
-2.41463805005993	-2.17075036772288	-2.1993224947746	-1.79481225030824	317501.5
-2.51782683040384	-2.29563989490764	-2.28617788362985	-1.69712010467164	320001.5
-2.5370838038094	-2.30905465144994	-2.28508555371905	-1.706469905516	322501.5
-2.75925278450928	-2.58247945377791	-2.6569397635325	-1.36974449188509	325001.5
-2.71474978444282	-2.52977237499025	-2.53582129203814	-1.62893086888849	327501.5
-2.65761869206458	-2.43955567018455	-2.42871355299955	-1.73801285162341	330001.5
-2.60988676786668	-2.39494090666792	-2.369058750885	-1.685738456125	332501.5
-2.53899978092164	-2.31675115040899	-2.25895046070304	-1.8948117021521	335001.5
-2.52386700711205	-2.37002208461677	-2.33161540550918	-1.47459199435889	337501.5
-2.5739943015445	-2.46721203087208	-2.43024058669156	-1.21611849223686	340001.5
-2.70773466969123	-2.59186278776019	-2.57218729244126	-1.47049658370956	342501.5
-2.76185250744605	-2.66680134140371	-2.66435923558542	-1.98579638248002	345001.5
-2.77816950651026	-2.71286890245297	-2.69082437006447	-2.08777880196652	347501.5
-2.66395742907126	-2.63351003558515	-2.52490564143595	-2.05788717931845	350001.5
-2.61087993192164	-2.5672575190559	-2.50183229890743	-2.16199568940181	352501.5
-2.56811322958918	-2.54858282269448	-2.40745950539246	-2.00473697783546	355001.5
-2.5449208390393	-2.44349796155383	-2.32884124128434	-2.05389227844724	357501.5
-2.60304405844272	-2.42218838792059	-2.45245335335404	-1.86170512367849	360001.5
-2.64848668863237	-2.45322437862837	-2.5063489163741	-1.99272465553086	362501.5
-2.58810756664816	-2.32773069298134	-2.29803751939656	-1.88036239855074	365001.5
-2.59583099975572	-2.3622994579159	-2.27962482197892	-1.78227351908241	367501.5
-2.62703858287455	-2.5101892172828	-2.31800125664954	-2.27440806020944	370001.5
-2.54966491882301	-2.42310763178985	-2.19333076654401	-1.87204327402992	372501.5
-2.65995991301596	-2.59150159270416	-2.48856579008815	-2.03681557198902	375001.5
-2.72521485067283	-2.585884515025	-2.62460487030734	-1.82134612697161	377501.5
-2.68035056318068	-2.59450806083764	-2.57474635415232	-1.59084029125323	380001.5
-2.67194692403705	-2.60430168286012	-2.59941112302803	-1.89988871452935	382501.5
-2.63401292113695	-2.55071614111693	-2.61188425092355	-1.73113588182396	385001.5
-2.53540996926362	-2.50860093350801	-2.53321339122255	-1.57777807703513	387501.5
-2.55901020980805	-2.47224084691005	-2.52342775765726	-1.32101470530459	390001.5
-2.51724099163348	-2.42871991200748	-2.46539512626912	-0.497250675249553	392501.5
-2.52816027656513	-2.45880660884286	-2.34283677445344	-0.378302385925379	395001.5
-2.57364081955472	-2.51031148440928	-2.35480234741991	-1.01784901321244	397501.5
-2.57377666418292	-2.53892210934264	-2.38507774129234	-1.37294623048053	400001.5
-2.66795376686558	-2.6261799985372	-2.56293005923304	-1.88083931046876	402501.5
-2.46723438227188	-2.39675192555883	-2.29815940901077	-1.62560387372639	405001.5
-2.3603345582813	-2.1988852346476	-2.13990804000246	-1.673356987402	407501.5
-2.33469573067722	-2.04743855336941	-2.09480388452213	-1.54319054535842	410001.5
-2.34276457588573	-2.05704593135181	-1.97351331943607	-1.70063181351861	412501.5
-2.59408841605037	-2.29928425558885	-2.40867562980637	-2.20846791666934	415001.5
-2.72234622174975	-2.55365255869075	-2.68350282718228	-2.29101403143712	417501.5
-2.73919454435027	-2.63963649642529	-2.71639775696931	-2.21825463516045	420001.5
-2.71399959483464	-2.64208276335714	-2.67275337075792	-2.25748957182104	422501.5
-2.70931837115365	-2.6412530864574	-2.64979404167427	-2.17658530018471	425001.5
-2.71546641071237	-2.62954361075886	-2.61881673506771	-2.03434782273604	427501.5
-2.69672989596771	-2.55415967091021	-2.52720585240634	-2.07150947136909	430001.5
-2.68099069155677	-2.50822430171379	-2.51160061338486	-2.10672932353628	432501.5
-2.69189761433177	-2.4828173963649	-2.54495308784188	-2.01202452718154	435001.5
-2.69868576700882	-2.52995432056386	-2.59726550035164	-2.14082383179214	437501.5
-2.71844976259338	-2.56343103307071	-2.66866810512547	-2.32581645208076	440001.5
-2.74037206762394	-2.55425854729885	-2.68784472949012	-2.23975283864494	442501.5
-2.66409610539061	-2.43374056533736	-2.57042840354071	-2.23080212195094	445001.5
-2.64912243904832	-2.38198008949647	-2.52845385625501	-2.30059932252218	447501.5
-2.63150038642559	-2.33726116128602	-2.47634116758356	-1.99295915468433	450001.5
-2.62954415251768	-2.37710339376773	-2.49080532514672	-1.96722117544943	452501.5
-2.62163114860447	-2.45385585091342	-2.38634086266498	-1.87723867764842	455001.5
-2.63005526620146	-2.48695861916794	-2.32403213093479	-1.70193194679598	457501.5
-2.70821377892757	-2.63234680023568	-2.46686380653002	-2.06848911893742	460001.5
-2.68325201961639	-2.57650894384576	-2.4966612452085	-2.12516024142124	462501.5
-2.69186197000413	-2.54096575483768	-2.56197561199637	-2.25700409516274	465001.5
-2.69782752876987	-2.5460939069815	-2.58884685498374	-2.21919064170383	467501.5
-2.67832668161154	-2.45783071801756	-2.56769052297854	-2.23929475934643	470001.5
-2.64986421033289	-2.49513964351244	-2.52138501502369	-2.15245386933314	472501.5
-2.61569321969038	-2.46211251778031	-2.55039079178947	-1.73788492152471	475001.5
-2.59490218476264	-2.4169066220702	-2.53652732081164	-1.35581963386307	477501.5
-2.61130810007682	-2.43182478598524	-2.50092772451879	-0.598384912290354	480001.5
-2.66046626967875	-2.40311896332984	-2.54093021348661	-0.558197157777199	482501.5
-2.68304981436198	-2.49554115917904	-2.52096494479433	-0.905305960593418	485001.5
-2.68358510060984	-2.53351336261801	-2.51331480718884	-1.32091001312509	487501.5
-2.65907087049336	-2.52784727533104	-2.5058881207865	-1.94182665109945	490001.5
-2.66352869784527	-2.44255702706288	-2.47859171085468	-1.89075770217131	492501.5
-2.68394627830031	-2.4779055300537	-2.55234704634817	-1.59366175544173	495001.5
-2.64021114950236	-2.48666171101654	-2.49294512222502	-1.42012402457811	497501.5
-2.62743698033161	-2.47802202126623	-2.53348084346753	-1.24408183233388	500001.5
-2.63599819008658	-2.57889964451243	-2.59084278877812	-1.32557773479543	502501.5
-2.66579488265974	-2.60046383801321	-2.61781134056595	-1.31050071448461	505001.5
-2.72486156291627	-2.61521870184153	-2.68682253814442	-1.28256475321504	507501.5
-2.73555730063027	-2.65448447973283	-2.61484424744344	-1.44388114244723	510001.5
-2.71137140524122	-2.60277127501545	-2.50320375577689	-1.63353616420934	512501.5
-2.65322136027956	-2.60636208084677	-2.36706805212132	-1.90971438860537	515001.5
-2.62469874001939	-2.48742501220926	-2.37226516006483	-1.98463535172349	517501.5
-2.60894204597534	-2.36774517892145	-2.4611300962166	-2.05297036878729	520001.5
-2.57339586706117	-2.32256266277453	-2.45675701859607	-1.84756457551884	522501.5
-2.3509366494772	-1.90033173288262	-1.99595487514713	-2.0136762175332	525001.5
-2.36190003732445	-2.11071171619667	-2.01180658950849	-1.99079518051504	527501.5
-2.3938622098163	-2.21863786637982	-1.96898117499533	-1.8134542691124	530001.5
-2.37812307111426	-2.16305654638166	-1.85853302642008	-2.10630571481899	532501.5
-2.65379438304207	-2.51191354235279	-2.46686228074568	-1.89026655684712	535001.5
-2.63633881273697	-2.48287020354288	-2.46896893427787	-1.82932533683339	537501.5
-2.64006961193162	-2.53713751218397	-2.55735767440615	-2.04464584533766	540001.5
-2.68852285777584	-2.6424392376337	-2.66989366089202	-2.04464584533766	542501.5
-2.72273164107531	-2.70381345667319	-2.73942356028144	-1.80283879585287	545001.5
-2.75558128939934	-2.67927979210712	-2.76422564829983	-1.83473344519281	547501.5
-2.75906868117159	-2.63809367035164	-2.74248231946538	-1.70744430229023	550001.5
-2.77670639504509	-2.68218060290494	-2.77394596003853	-1.88634744896228	552501.5
-2.75528184648867	-2.65573563222145	-2.75745294188367	-2.19138215093263	555001.5
-2.74982391947752	-2.67456385441952	-2.73892639945221	-2.13594775840293	557501.5
-2.75682474491695	-2.708060158267	-2.76662812789719	-2.29916990358933	560001.5
-2.67549995744844	-2.55477957807507	-2.64319770308427	-2.20294234484321	562501.5
-2.64528569523386	-2.54030251767257	-2.54847561445738	-1.95652355418052	565001.5
-2.60343932148934	-2.52576451496924	-2.54768688188738	-2.0953817987048	567501.5
-2.5827616457228	-2.44990389687741	-2.52155785555965	-1.7376810490725	570001.5
-2.63624673251636	-2.5892574287472	-2.60546830442099	-1.85425309932799	572501.5
-2.65514337432772	-2.62692074717752	-2.67533598774977	-1.69210980425675	575001.5
-2.67178021649097	-2.59332964640637	-2.61983277145128	-1.53406684773601	577501.5
-2.54160649511272	-2.48135300688002	-2.33254017315658	-1.60381397673517	580001.5
-2.44553469881917	-2.37945612457408	-2.10156168721244	-1.39105415108504	582501.5
-2.4561427697172	-2.28342929534839	-2.00660680471716	-1.70037792390077	585001.5
-2.45161114471941	-2.29331936993399	-1.98927094295784	-1.66862416361971	587501.5
-2.3178808706952	-2.25041490968204	-1.88874079614692	-1.29475458506164	590001.5
-2.46602102298275	-2.364383888321	-2.17682005519511	-1.48058285503611	592501.5
-2.3925722242849	-2.30813839847474	-2.00243242187969	-1.40667224177836	595001.5
-2.36709423192843	-2.30176072377165	-2.12493440198872	-1.36109631828683	597501.5
-2.61040452473594	-2.39329181417513	-2.46835543631162	-1.80577994572098	600001.5
-2.58534440949321	-2.41326087596502	-2.4448095321126	-1.73162372805043	602501.5
-2.65432698110001	-2.46743392030898	-2.53446163393199	-1.70535278446073	605001.5
-2.69151796342306	-2.49175797603454	-2.56296260240108	-1.97295893115624	607501.5
-2.71638935930423	-2.54563818737431	-2.64759033969287	-1.9728514510576	610001.5
-2.73636196572991	-2.53863506940045	-2.66763301355998	-1.70224063084808	612501.5
-2.70218060545619	-2.54661330715616	-2.64172556420584	-1.38465521629333	615001.5
-2.62840862399744	-2.50840203310828	-2.56754110887516	-1.32010983071444	617501.5
-2.663159569337	-2.58322319013886	-2.57825406851219	-1.30983981066168	620001.5
-2.66756588910061	-2.52309485133238	-2.60118053721282	-1.7423555783395	622501.5
-2.67935817865177	-2.48808075707149	-2.60945101625896	-2.18192601640324	625001.5
-2.73029444243534	-2.58484714439118	-2.65730155704909	-2.28597995779361	627501.5
-2.72317310432657	-2.59461040799231	-2.61604340654986	-2.11725162646862	630001.5
-2.67741951161213	-2.64771211461073	-2.56760212106397	-2.21911511478139	632501.5
-2.64082383170932	-2.67974878413822	-2.59446281513961	-2.02150452103208	635001.5
-2.55868963650057	-2.57921450288195	-2.52990907069465	-1.77652889457873	637501.5
-2.63893246313363	-2.59455287594919	-2.53166604377358	-1.96099257044985	640001.5
-2.71621144608456	-2.62316883814637	-2.5739399393449	-1.70189307808993	642501.5
-2.70321161329342	-2.55869496793767	-2.47301811138397	-1.75686384732059	645001.5
-2.72832319984688	-2.61554952781478	-2.55064695071052	-2.11512017559183	647501.5
-2.6939060130549	-2.59016410439338	-2.58780992092623	-2.13899937350989	650001.5
-2.64459351830935	-2.52490624810093	-2.56534582553724	-1.92407982097657	652501.5
-2.61873589440638	-2.59818919969342	-2.6168977360283	-1.93922651040898	655001.5
-2.61110044386626	-2.55060894799541	-2.58691994334895	-1.86098859098919	657501.5
-2.58573242191311	-2.52135088640794	-2.48665090573054	-1.38477841746651	660001.5
-2.61238656546454	-2.58112689645591	-2.52877595607496	-1.43042320470703	662501.5
-2.67553057955505	-2.53246248010063	-2.53701683498195	-1.40506504986944	665001.5
-2.64758980059941	-2.52555980323335	-2.52618201075286	-1.1978265271645	667501.5
-2.70626842984514	-2.54996981470223	-2.53653237328711	-1.67470889226332	670001.5
-2.69950465982389	-2.58307109232695	-2.54731976559815	-2.0210715933022	672501.5
-2.6951829485501	-2.59873869807362	-2.51951129009704	-1.91688013982841	675001.5
-2.74546323148694	-2.64599101883902	-2.59174635867174	-1.94259673530983	677501.5
-2.71118189384158	-2.62558460487564	-2.58850476578545	-1.50727258200519	680001.5
-2.70115477087307	-2.59023785064547	-2.56115144744526	-1.17917569156373	682501.5
-2.69103427232796	-2.61436829045046	-2.6325398875697	-1.67289294586467	685001.5
-2.61931299712502	-2.58446804682923	-2.58369516373986	-1.28717094576625	687501.5
-2.53988039202918	-2.45789712837291	-2.53743104992031	-1.36643793971037	690001.5
-2.53731938615955	-2.40590580200951	-2.49515624032774	-1.50549071222794	692501.5
-2.55335561782287	-2.39493790533206	-2.48126218830325	-1.16646484990358	695001.5
-2.50658368639457	-2.36077651335546	-2.47004431724779	-1.44970061770348	697501.5
-2.65998669183759	-2.55500691089174	-2.62422912216516	-1.81832644395518	700001.5
-2.68006308478148	-2.58098847032113	-2.66636560169727	-1.98826740944727	702501.5
-2.69214326407564	-2.5433557413094	-2.61044354972877	-1.66400059430843	705001.5
-2.73363850134619	-2.59540117471893	-2.60777686195842	-1.32462873363115	707501.5
-2.72360196048666	-2.6044463869433	-2.58467028088307	-1.26088318345569	710001.5
-2.76052508665556	-2.68280405060357	-2.53619525434995	-1.22120335200093	712501.5
-2.76245932506563	-2.71460630339048	-2.51623813839103	-1.82162312310005	715001.5
-2.74568449712773	-2.66830476708083	-2.47387012472899	-2.35663617664615	717501.5
-2.75430431174095	-2.65081874787399	-2.47983332359344	-2.07315303704911	720001.5
-2.64620098650408	-2.50841309726152	-2.35569042652776	-1.85474179430656	722501.5
-2.60978850580603	-2.45429583974231	-2.35553578894336	-1.59056175015586	725001.5
-2.59847000159394	-2.4808711620721	-2.37774621140613	-1.30130126839792	727501.5
-2.54263433098917	-2.41660826881149	-2.30208848319184	-1.94652837539123	730001.5
-2.59385461814942	-2.48808736288895	-2.39664947982854	-1.75502451803007	732501.5
-2.59166059221886	-2.48910224131902	-2.45819284723579	-1.82988917575855	735001.5
-2.43981536497755	-2.36523260254966	-2.30118155556052	-1.81054667949746	737501.5
-2.42162231779791	-2.33496630182137	-2.24463951815009	-1.01412646466875	740001.5
-2.4101196739997	-2.32696133524512	-2.27122724762773	-1.14816475605984	742501.5
-2.46422836944749	-2.37997427406735	-2.22171317070845	-1.27593025020466	745001.5
-2.66172049605452	-2.5414846986193	-2.49029242689985	-1.49185170067783	747501.5
-2.6591595654196	-2.56377594228244	-2.49997047549752	-2.33928841228095	750001.5
-2.64744861308683	-2.535496662402	-2.48200202016603	-2.22928106358886	752501.5
-2.63472627374577	-2.51798415499174	-2.42877127187213	-1.80406110404687	755001.5
-2.51247924879482	-2.29838251364653	-2.23291793005565	-1.08672186693334	757501.5
-2.54627884547919	-2.34944515099282	-2.35114298692698	-0.8642028330509	760001.5
-2.53796260071096	-2.342316086027	-2.25660857394784	-0.982570056578958	762501.5
-2.37022118198216	-2.24046771677762	-2.2324867443643	-1.13841328136883	765001.5
-2.38955760517471	-2.39385242577545	-2.31772973265361	-1.32028551228074	767501.5
-2.55195597232946	-2.46177467980642	-2.39715324441306	-1.19341805973213	770001.5
-2.60383240677781	-2.52473101993164	-2.48311521355546	-1.30179679396918	772501.5
-2.63827991560844	-2.46229029964307	-2.43553628770048	-0.950273408263897	775001.5
-2.68494292903077	-2.51229735524475	-2.43043912902979	-1.27095096786147	777501.5
-2.63044099911072	-2.47674294640471	-2.3162434989744	-1.40740120393856	780001.5
-2.62473136255325	-2.44947148255872	-2.35094254004428	-1.48717530776142	782501.5
-2.71314322876806	-2.60410436180438	-2.52145537258189	-1.77862889235855	785001.5
-2.68137456455079	-2.60807980883876	-2.55186133511293	-1.65939128852392	787501.5
-2.67371638243293	-2.54852418226125	-2.59771091149595	-1.81944524673854	790001.5
-2.68675630236769	-2.58498675140036	-2.56194243284518	-0.927233192983446	792501.5
-2.71374828973393	-2.57954893479956	-2.58553401349591	-1.34483125356639	795001.5
-2.71405322619046	-2.58269748359089	-2.58143174365305	-1.34138216139964	797501.5
-2.6990612818045	-2.59479444009287	-2.59511712747147	-1.50446050454417	800001.5
-2.55092838364872	-2.40851524894799	-2.3971435107833	-1.89302703700654	802501.5
-2.54819659785331	-2.4024831268704	-2.43871505519161	-1.69245379447652	805001.5
-2.51644546458231	-2.38574883175699	-2.38227939448297	-1.68703200361558	807501.5
-2.55610110962507	-2.49291980702064	-2.36117935670191	-1.42069307455056	810001.5
-2.63161882681212	-2.586464911108	-2.5470446395915	-1.81999187363834	812501.5
-2.47311361146999	-2.4603682056657	-2.23604455004979	-1.53639386969755	815001.5
-2.47039370066002	-2.40317059211941	-2.34762655346198	-1.80905839208308	817501.5
-2.41363919897798	-2.2334006634618	-2.36335344851881	-1.74071606253302	820001.5
-2.53201120215974	-2.2915485023816	-2.49971076698508	-1.70396927809906	822501.5
-2.6751824447951	-2.50801953559465	-2.6808688373422	-1.84267425122259	825001.5
-2.69925946669371	-2.56858418131233	-2.72566035967572	-1.68321595224235	827501.5
-2.75052590169043	-2.64057920515976	-2.74485452378736	-1.57292076120791	830001.5
-2.76466730928436	-2.63725934143227	-2.70730437800906	-1.77794145421948	832501.5
-2.65865705643524	-2.49934243589244	-2.57020288264349	-1.48467163432594	835001.5
-2.67692965173479	-2.47622022850853	-2.52532691685199	-1.49755484687899	837501.5
-2.70370988951668	-2.55338484406557	-2.60203550609923	-1.03882918295554	840001.5
-2.67545391527847	-2.5354848780732	-2.57516299685667	-0.540322542509207	842501.5
-2.75136617174831	-2.58192600589424	-2.64848698267801	-0.852009510786496	845001.5
-2.74949047478077	-2.65627022372626	-2.61716797510812	-1.12983912011113	847501.5
-2.75489980820928	-2.64448392336815	-2.57943013093707	-1.77503788046926	850001.5
-2.75589806773875	-2.68614707729215	-2.59793631753713	-2.34541350083295	852501.5
-2.75951741718025	-2.72440160511738	-2.62823848801999	-2.38019715268908	855001.5
-2.71000772608852	-2.63403071274196	-2.60197457070413	-2.29721403140324	857501.5
-2.69205214674504	-2.68161914550794	-2.60800323894938	-2.22189036354704	860001.5
-2.63500073524146	-2.63416059692943	-2.54892421572323	-2.14567686252602	862501.5
-2.65226122310893	-2.62675916198112	-2.54620257884421	-1.77739224249599	865001.5
-2.69048907886972	-2.66465227870044	-2.5772399949658	-1.85812761555518	867501.5
-2.68318188930537	-2.52275438285007	-2.51150428286887	-1.76813107867932	870001.5
-2.73573304372323	-2.5633161808672	-2.58509249137618	-1.7294956466802	872501.5
-2.73680680771227	-2.52189471080635	-2.60164551957054	-2.03488037511464	875001.5
-2.71717101578933	-2.51541094094904	-2.57802392978037	-2.04404323910321	877501.5
-2.72726359968816	-2.57657479927537	-2.65761133987142	-2.33217554076468	880001.5
-2.71910330959491	-2.60213767383037	-2.64870608424746	-2.33439945704398	882501.5
-2.57773912261971	-2.51731762095007	-2.50465295972023	-1.9792986210814	885001.5
-2.52781926870572	-2.42669717087517	-2.4728250910448	-1.9792986210814	887501.5
-2.50468955835061	-2.42783245298461	-2.43504435094761	-1.59253758338357	890001.5
-2.54079925232891	-2.4009479733244	-2.47287852389778	-1.67294389843031	892501.5
-2.63063950176843	-2.50792128319679	-2.50573036579882	-1.79132162223818	895001.5
-2.65272267019192	-2.61253487490498	-2.52570405561425	-1.84756038709672	897501.5
-2.60588087696522	-2.58961752238455	-2.52724478803433	-1.9352773976888	900001.5
-2.52404352076492	-2.58640467351287	-2.45231656097331	-1.70064453064222	902501.5
-2.48048492143043	-2.57342961295423	-2.50879741757279	-1.87256731299015	905001.5
-2.43165200220984	-2.44762771302781	-2.37918771901628	-1.11163744153897	907501.5
-2.35841603494425	-2.35240527733347	-2.16717877841993	-1.3272540743041	910001.5
-2.45279913597577	-2.27149321418043	-2.1825968695401	-1.26433482571405	912501.5
-2.51318155096011	-2.27031464336706	-2.25807457420708	-1.3429353112966	915001.5
-2.530708911242	-2.17305803522088	-2.24605948448794	-1.6481712680974	917501.5
-2.61474462931216	-2.26997152326228	-2.40947834320423	-1.62779866548295	920001.5
-2.61090458117382	-2.37042499259337	-2.39471771738772	-1.88789337615556	922501.5
-2.6137701054479	-2.48626022943071	-2.47374880931971	-1.62028007725712	925001.5
-2.59992145351947	-2.58314286022164	-2.52377239548753	-1.47445069223136	927501.5
-2.59434999919338	-2.5327207118974	-2.5028202696002	-1.65057438169345	930001.5
-2.5837940775574	-2.55311305761824	-2.54584724408171	-1.64645149539562	932501.5
-2.6395915746984	-2.56381970820831	-2.48109268388352	-1.98106523201072	935001.5
-2.62227232788629	-2.53805365946892	-2.51909306050899	-2.17908261893165	937501.5
-2.57380274750106	-2.4437301954693	-2.41271561816145	-2.0299134404406	940001.5
-2.53657937924847	-2.42128643987416	-2.34265020241086	-1.92455949269223	942501.5
-2.35962183548951	-2.18413459215051	-2.13141437844546	-1.59988623526676	945001.5
-2.41142913805058	-2.18919312512074	-2.21777631258653	-1.58557504176029	947501.5
-2.46936053622789	-2.32681874539204	-2.34096385439895	-1.53303234734804	950001.5
-2.47408577743923	-2.30934130363099	-2.3606472641542	-1.78164227443042	952501.5
-2.60632386335323	-2.50106219626779	-2.45747491777439	-2.20879755941794	955001.5
-2.60089875819724	-2.47764358428919	-2.41347135686455	-2.23876800859694	957501.5
-2.66825587941782	-2.55867417347029	-2.47239260042874	-2.35583205143749	960001.5
-2.71644866595373	-2.62777045108067	-2.5527980742736	-2.28822840537271	962501.5
-2.63034163897932	-2.49675214926428	-2.52912209749663	-1.85457774853982	965001.5
-2.55937963405139	-2.47548898469826	-2.40655138483452	-1.72192824749863	967501.5
-2.50178043838051	-2.47511827176547	-2.39008034616078	-1.72066583796158	970001.5
-2.44753206061468	-2.35501058081284	-2.27623496750625	-1.80132681104854	972501.5
-2.51991050367114	-2.42572774637566	-2.23000471460018	-2.02591315182353	975001.5
-2.40922443982626	-2.34843913870799	-2.00827426864759	-1.79378110178371	977501.5
-2.48368517914254	-2.34437282914165	-2.01398180381214	-1.8896119463323	980001.5
-2.46831650053823	-2.46534853614636	-2.21164526805075	-1.68489444299358	982501.5
-2.46221836244402	-2.50054223441772	-2.32532807829055	-1.17717639100644	985001.5
-2.59870928781468	-2.60706751808796	-2.53405158537582	-1.36134844018213	987501.5
-2.58936107447443	-2.57734460659631	-2.5664132703113	-1.57778625011047	990001.5
-2.67091950144494	-2.62496022024758	-2.6336687959639	-1.89686050141107	992501.5
-2.6649437478245	-2.48339107405276	-2.60988501671294	-1.76602433035646	995001.5
-2.64088766008904	-2.45399231985713	-2.54550156033224	-1.68552720661997	997501.5
-2.57684045906909	-2.4003655549516	-2.4745567608144	-1.36024426461793	1000001.5
-2.12282581665473	-2.1500112748943	-1.78984266780929	-0.830660138280524	1002501.5
-1.97627447144038	-2.08856236734138	-1.70151603117435	-1.36701701288153	1005001.5
-1.89135689871277	-1.96596887707026	-1.66375739209555	-1.30924546008281	1007501.5
-2.0613406288518	-2.02641123227993	-1.66207951845306	-1.40033704613421	1010001.5
-2.43927280210178	-2.16306766160747	-2.23387945700893	-1.4456349286053	1012501.5
-2.0847693827626	-1.69524359011947	-1.76891801147288	-0.41498236703465	1015001.5
-1.97808583851033	-1.45157468085046	-1.53854457916236	0.0842777454239877	1017501.5
-1.90246577297828	-1.36798575911088	-1.60968652143813	0.0213467352376039	1020001.5
-1.84140855988553	-1.36653624568123	-1.5778004339978	-0.14899690284759	1022501.5
-2.4295613495617	-2.10652676091718	-2.15678548364835	-0.972699557816972	1025001.5
-2.74506013273004	-2.62916366463077	-2.66500894065999	-1.61815897421518	1027501.5
-2.74754566752143	-2.6495058893517	-2.65149097658034	-1.99602412158235	1030001.5
-2.75087749839545	-2.68060205424474	-2.63379127402184	-1.92831800261813	1032501.5
-2.56401725422171	-2.4831719327716	-2.45823207918361	-1.70004407709888	1035001.5
-2.59519911849567	-2.45690526235442	-2.46082845925471	-1.77184340837645	1037501.5
-2.56214278331894	-2.40423392011524	-2.45870730281953	-1.80552008852981	1040001.5
-2.54653003103475	-2.38732351610839	-2.50295464954441	-1.59077198297974	1042501.5
-2.68175013574156	-2.54916804283644	-2.6451098238233	-1.76034460957645	1045001.5
-2.65852771260912	-2.51261807576186	-2.54599365705776	-2.08478171138226	1047501.5
-2.31507046279463	-2.12836496147225	-2.14641537874934	-2.02770039039033	1050001.5
-2.19028028269985	-1.95544798057581	-1.90447836466693	-2.17614485788562	1052501.5
-2.15815030555858	-1.77274899010944	-1.96097382039942	-1.7588394007329	1055001.5
-1.77654522222605	-1.77267264297677	-1.90900426844238	-1.4913562617282	1057501.5
-2.47638135945696	-2.41072769218479	-2.37841873921307	-1.33445121914264	1060001.5
-2.67862836656178	-2.60845130134944	-2.60048931228609	-1.5693488582528	1062501.5
-2.67544817216773	-2.64465992678478	-2.58852975985183	-1.86723501150804	1065001.5
-2.65405342402063	-2.6462794579218	-2.58798464500119	-1.93159892372202	1067501.5
-2.62211612565035	-2.65602643669337	-2.55593768817126	-2.02213186088679	1070001.5
-2.59645625844925	-2.64320739245931	-2.56596245424309	-2.00804782423545	1072501.5
-2.59491614796108	-2.61645690265914	-2.4868182979223	-2.01286460859963	1075001.5
-2.58528879046522	-2.56342302123148	-2.52404920795419	-2.01773354267364	1077501.5
-2.55156937986458	-2.51550856272173	-2.47446792584557	-2.18553736273632	1080001.5
-2.41633654018446	-2.38963876278697	-2.40121264839813	-1.85179545936328	1082501.5
-2.51794730860929	-2.48527517895235	-2.47085209891489	-1.85969047434869	1085001.5
-2.49898784767973	-2.49113485910725	-2.3698215208875	-1.78588600038849	1087501.5
-2.57933957450153	-2.53257152607224	-2.4091043719599	-1.20530866299849	1090001.5
-2.6998736555924	-2.67603457481789	-2.56101527350834	-1.41925082557467	1092501.5
-2.65883205359068	-2.64287264626016	-2.49630798192566	-1.40379856499319	1095001.5
-2.77110618714274	-2.65080143154852	-2.64612040847507	-1.42642474550163	1097501.5
-2.7295479292672	-2.61517782154774	-2.63203235761151	-1.9411772628219	1100001.5
-2.62819020902249	-2.44509052242765	-2.44569214717341	-2.06158406801792	1102501.5
-2.62203303778163	-2.45531345795588	-2.51037296067382	-2.09815070801542	1105001.5
-2.57136350628029	-2.45346785434356	-2.44807897524579	-2.20889363668391	1107501.5
-2.53061926259047	-2.31408541286315	-2.32793591182508	-2.15998960291328	1110001.5
-2.64461905200284	-2.43179134333467	-2.46505596543565	-2.13038005261347	1112501.5
-2.62769240375776	-2.40132248704294	-2.40933715250398	-1.70296990355767	1115001.5
-2.43034042870768	-2.19845778688678	-2.2312099804492	-1.55106649593564	1117501.5
-2.45361025769337	-2.26991978044776	-2.26849695914123	-1.37964569430905	1120001.5
-2.41996975565796	-2.30590791910016	-2.22702281817537	-1.3091962078021	1122501.5
-2.49550454919924	-2.34390875497099	-2.32206189344029	-1.91254788646185	1125001.5
-2.63027275875043	-2.43691262837575	-2.50646016176179	-1.9920793633517	1127501.5
-2.65349667167274	-2.53532226178955	-2.5848845286862	-2.1454711076112	1130001.5
-2.69815416169027	-2.59399675673766	-2.61689924050797	-2.08624078610019	1132501.5
-2.69355271287708	-2.59589798140402	-2.60758699811924	-1.99503611492731	1135001.5
-2.67708284272914	-2.60614741774962	-2.59176625670928	-2.00778761252978	1137501.5
-2.70440185672745	-2.61373330371362	-2.62954406967607	-1.88870884141064	1140001.5
-2.67531329317418	-2.58931014764135	-2.62430814675052	-2.29066552859608	1142501.5
-2.67633746800293	-2.53397665941388	-2.63562246790261	-2.1575588581506	1145001.5
-2.72143117870272	-2.5533479928311	-2.67201942273735	-2.12074520899125	1147501.5
-2.71643643965034	-2.51886717199175	-2.62900018972795	-2.04140405728142	1150001.5
-2.57258124219744	-2.26044503213095	-2.35104953872879	-2.03368904764932	1152501.5
-2.55603204138227	-2.37105827383499	-2.25799622755541	-1.87118888032843	1155001.5
-2.59183792531358	-2.50001157631635	-2.38161104447035	-1.67256480533763	1157501.5
-2.52726441304656	-2.4236079797048	-2.2499133278895	-1.41008003783032	1160001.5
-2.63109502976406	-2.51698703114732	-2.51003422213152	-1.27126811949881	1162501.5
-2.6252843918129	-2.48782824394023	-2.51000674158321	-1.12015797670707	1165001.5
-2.61732509113109	-2.41242154047884	-2.42249256337712	-1.4496217182477	1167501.5
-2.65980714790415	-2.48754751399273	-2.54819750347836	-1.3319801610052	1170001.5
-2.71900165203936	-2.59960864670577	-2.65133705709185	-1.43834586369924	1172501.5
-2.72041499987864	-2.6054021939909	-2.64074521486814	-1.75973102032467	1175001.5
-2.65179640657305	-2.54655753093049	-2.54916872040041	-1.60872210307609	1177501.5
-2.67598697617646	-2.5718633367042	-2.56414524820498	-2.13131666856919	1180001.5
-2.65440808565036	-2.48201637591867	-2.53763406958493	-1.94245955246135	1182501.5
-2.55505017974499	-2.40039421029308	-2.34541199751542	-1.88959815569197	1185001.5
-2.65567622045034	-2.50290644269722	-2.49074420108138	-1.97376739816663	1187501.5
-2.64561558340309	-2.50869984710313	-2.50461363977951	-1.8737928271618	1190001.5
-2.62211146931346	-2.49282519821422	-2.43420096977114	-1.90625999837834	1192501.5
-2.68165089003876	-2.55639568115323	-2.59058612409136	-1.84799645529162	1195001.5
-2.65511826097126	-2.55156262856546	-2.60543096460775	-1.85382348737572	1197501.5
-2.66863635804769	-2.57280480294103	-2.58627725492852	-1.59792160755468	1200001.5
-2.70765162362415	-2.60807336506686	-2.59998258793674	-1.66342510087201	1202501.5
-2.63295344751153	-2.53674454098207	-2.5087138499317	-1.85093467154651	1205001.5
-2.63975858736013	-2.53806269593212	-2.46568515059835	-1.84755888047738	1207501.5
-2.61141925503605	-2.49421644296456	-2.43248403470784	-2.02305341241189	1210001.5
-2.63418790596259	-2.53491582477175	-2.5390292457806	-1.90868173036992	1212501.5
-2.68391112275135	-2.55113716566751	-2.4990607552619	-2.04176414222872	1215001.5
-2.6478793103717	-2.48551651839798	-2.33510727788885	-2.20064276126691	1217501.5
-2.65298829277061	-2.55768515227213	-2.37282577113385	-2.29493861670434	1220001.5
-2.66430394781254	-2.56182700345336	-2.26988180539047	-2.3912995379356	1222501.5
-2.72535385747207	-2.63433722184701	-2.45464877844213	-2.34221407666638	1225001.5
-2.75647240184315	-2.66039003246464	-2.59939639897955	-2.31593450975509	1227501.5
-2.75809679612668	-2.65076666127157	-2.59888824055883	-2.28319528205794	1230001.5
-2.72906025978001	-2.59703329788745	-2.64195180447205	-2.1795765672037	1232501.5
-2.66926464967718	-2.5581590484047	-2.61485631322993	-1.96333693935577	1235001.5
-2.65345981629478	-2.55843182108704	-2.5742243509639	-1.51603826879309	1237501.5
-2.60526109090537	-2.49602589055189	-2.52585490249682	-1.63694965617928	1240001.5
-2.64788052107856	-2.60638877219588	-2.43894758622176	-1.478731720654	1242501.5
-2.66694294458843	-2.59267951644469	-2.43813972066361	-1.4480980428035	1245001.5
-2.65165401350128	-2.58011624621723	-2.44434611899224	-1.66688929864642	1247501.5
-2.70031402134883	-2.57837818757033	-2.51919351141678	-1.35073696798069	1250001.5
-2.65122748110167	-2.49332772646354	-2.51443703248619	-1.29250753738945	1252501.5
-2.68015984848358	-2.50007695593912	-2.50718669065256	-1.34458231564411	1255001.5
-2.67690382008454	-2.48090834465594	-2.35290324018753	-1.12327902315374	1257501.5
-2.66550977967403	-2.47762190345361	-2.3515601269357	-1.40089249391652	1260001.5
-2.66265380169883	-2.47487226720934	-2.37221241406202	-1.66903667424632	1262501.5
-2.61568990924817	-2.4357240770989	-2.25180616989062	-1.89961354759075	1265001.5
-2.62172900876808	-2.48675715315032	-2.37396624388308	-1.80097540630408	1267501.5
-2.6442683476804	-2.56956483311536	-2.37538021045605	-1.52780485996569	1270001.5
-2.52304278782379	-2.45194660588669	-2.18653755004007	-1.51511914956603	1272501.5
-2.64397732059785	-2.52182286449594	-2.45019162297854	-1.24949864781171	1275001.5
-2.65845487098432	-2.52616697152933	-2.47757957860073	-1.6705771781164	1277501.5
-2.66395540792979	-2.52726619554701	-2.58064982638196	-1.9022205653452	1280001.5
-2.75847938684986	-2.62706903287371	-2.73481272048695	-1.78188343412064	1282501.5
-2.72449043384972	-2.61123828087684	-2.70860557509281	-1.93837003752378	1285001.5
-2.70557799851088	-2.5733880680277	-2.72096430107938	-1.74458931653268	1287501.5
-1.52203492928211	-1.25720129841989	-1.05211547029169	0.0620435630909527	1290001.5
-0.809361105380736	-0.656020468503158	-0.408505663835348	0.706610010265877	1292501.5
-1.0653838300884	-0.890880177471811	-0.591634238118049	0.849869568143807	1295001.5
-1.02911650700648	-0.758614525211432	-0.579374609459631	1.17667092605079	1297501.5
-1.85484237520957	-1.77663141547684	-1.70137503717892	0.593195096189198	1300001.5
-2.59124138193967	-2.56259348103922	-2.51090575941661	-1.24389844043587	1302501.5
-2.53250905072114	-2.53653805544266	-2.48398266233917	-1.53391220875806	1305001.5
-2.66859512118718	-2.60025957848676	-2.65166129187507	-1.55282714099972	1307501.5
-2.74210469633594	-2.55979358210717	-2.71666852657298	-1.62992085655519	1310001.5
-2.66890589018238	-2.50386846158138	-2.56932186665746	-1.13583557722385	1312501.5
-2.69424795015116	-2.46258846367541	-2.57831968872569	-1.28178480969588	1315001.5
-2.53758461146706	-2.27543379118636	-2.30802636043739	-1.37767602481314	1317501.5
-2.48367375293703	-2.20642132890838	-2.18609564219508	-1.22011116307411	1320001.5
-2.52034970586446	-2.21987791741474	-2.28782748291797	-1.01811388493729	1322501.5
-2.53250459759231	-2.31587327641099	-2.37647407497779	-1.10216144281367	1325001.5
-2.66719529463797	-2.51364929847268	-2.5770232780343	-1.01888506133687	1327501.5
-2.74032112985416	-2.61162293495861	-2.64464800744327	-1.3879094330382	1330001.5
-2.77350777320473	-2.67637266549637	-2.72727759461601	-1.97994992747011	1332501.5
-2.80509340734991	-2.7245152372537	-2.72913132496144	-1.76415961142753	1335001.5
-2.81220506856989	-2.74849868272736	-2.74488024944411	-1.95031615534417	1337501.5
-2.78760710911621	-2.71676736655008	-2.70432688997171	-1.78469652516089	1340001.5
-2.69448903383526	-2.61792636173619	-2.62937982002851	-1.90356872389316	1342501.5
-2.65638716281348	-2.63209912235913	-2.63813994593115	-2.23920379721799	1345001.5
-2.66965744239823	-2.61141381195575	-2.64339995048584	-1.8926426345333	1347501.5
-2.68865597952355	-2.61113294122869	-2.70912020823116	-1.99565598695236	1350001.5
-2.7149878073118	-2.63892642401795	-2.65902039146286	-1.38963531032699	1352501.5
-2.70527329720463	-2.60089022664076	-2.63511832749346	-1.12759367678029	1355001.5
-2.63395033164598	-2.54193433971565	-2.52043128003672	-1.53560841267617	1357501.5
-2.62638362700049	-2.54942432958075	-2.47852567797464	-1.84851268987883	1360001.5
-2.64158173008203	-2.5785699806548	-2.56431487822966	-2.16742670042773	1362501.5
-2.62274264360222	-2.51201432788816	-2.49497668236678	-2.18394427177308	1365001.5
-2.72332056866518	-2.6486721725135	-2.58717725295903	-2.12665907183152	1367501.5
-2.71785618532206	-2.66515747242086	-2.59841237066692	-2.09459294577227	1370001.5
-2.45967741782042	-2.5243884757522	-2.17664412215366	-1.93156575218307	1372501.5
-2.31942579843498	-2.37363412355476	-2.01306048313207	-1.43067921066417	1375001.5
-2.21070149259099	-2.26901921147925	-1.97128261362274	-1.43067921066417	1377501.5
-2.22193519785909	-2.14667603008947	-1.99719077425866	-1.4036645559092	1380001.5
-2.49016272224557	-2.31693385886589	-2.35957284154912	-1.47239716487288	1382501.5
-2.68218196033768	-2.59085411069368	-2.61497066017833	-2.01461568204777	1385001.5
-2.63984856085062	-2.64974780241621	-2.56168408745881	-1.85216553689132	1387501.5
-2.65554656101407	-2.67651313773917	-2.51431573155464	-1.41240312397995	1390001.5
-2.68745373453085	-2.69234327947753	-2.51962487695269	-1.48675013218099	1392501.5
-2.66921096271187	-2.64990576920057	-2.5238730888751	-1.40974910205286	1395001.5
-2.6937979159366	-2.59912978931068	-2.57503107690568	-1.40382485792451	1397501.5
-2.65101009851618	-2.58351460407334	-2.54280219242424	-1.80557457807438	1400001.5
-2.70763935026786	-2.62959536949376	-2.54024806956623	-1.8124937560654	1402501.5
-2.72525088369839	-2.64432192656378	-2.53847792341509	-1.94171533542073	1405001.5
-2.75933268376785	-2.66150093247642	-2.56402291523299	-1.5513598045111	1407501.5
-2.79589390687835	-2.70793174888161	-2.66260915391455	-1.54396149050821	1410001.5
-2.80020099920276	-2.69942287976681	-2.6849036328214	-1.61087591746268	1412501.5
-2.81025292970177	-2.72430880334472	-2.72772383747413	-1.31685324836969	1415001.5
-2.79761086676572	-2.73938046251096	-2.73908877739798	-1.59974984640404	1417501.5
-2.78670463710739	-2.73633590389001	-2.71411716090415	-1.75162108217267	1420001.5
-2.73260237247132	-2.71956524815918	-2.66155720004059	-1.66435163870661	1422501.5
-2.67744344522744	-2.63823767503715	-2.56133526039537	-2.04238224304512	1425001.5
-2.62649326455729	-2.59562850555128	-2.49668978627485	-2.17312292025074	1427501.5
-2.61433945146283	-2.55682387273788	-2.45715417198536	-2.09284098756075	1430001.5
-2.64262310097805	-2.56113145547055	-2.51960746298436	-1.75130806039631	1432501.5
-2.66679907999781	-2.62764044120143	-2.53732655255479	-1.81751613882011	1435001.5
-2.74781949695435	-2.65611382691535	-2.62607989232093	-1.07324719055226	1437501.5
-2.79105099149566	-2.69857507323062	-2.69069304285733	-1.24705496897091	1440001.5
-2.74464343851736	-2.64110855233445	-2.64741400941518	-1.30378652152766	1442501.5
-2.58524895265372	-2.41715874481656	-2.4884959533894	-1.49661709296995	1445001.5
-2.4921563942182	-2.37614187746889	-2.38134928928046	-1.62001886997104	1447501.5
-2.34616638904341	-2.29587149512171	-2.27455977112134	-1.34214351780054	1450001.5
-2.34153291715223	-2.32468568933509	-2.1964161205566	-1.09076122767938	1452501.5
-2.52375118014091	-2.52135935283109	-2.36627873984765	-1.15431458665035	1455001.5
-2.57874125293547	-2.57244769258912	-2.42679574810474	-1.30038801981379	1457501.5
-2.55291498472064	-2.47050880655264	-2.35167258102236	-0.95664695945512	1460001.5
-2.64467884103095	-2.5405296227593	-2.49145552562067	-1.41055962446055	1462501.5
-2.51709224183189	-2.35336511187859	-2.35734808102775	-0.585224359441187	1465001.5
-2.51524880074162	-2.27510953737118	-2.3141261507616	-0.566202425919633	1467501.5
-2.51192694477295	-2.31736857511646	-2.36489006854248	-1.12371028429044	1470001.5
-2.45272521440459	-2.17048475839192	-2.20604248796498	-0.864829874670241	1472501.5
-2.65358062471784	-2.53145545475674	-2.50930011188595	-1.75334735851498	1475001.5
-2.69270550757778	-2.61063066538642	-2.62058893758864	-2.06284531575424	1477501.5
-2.71513683594116	-2.64977019227871	-2.63888419864054	-1.68359514429228	1480001.5
-2.73696705718832	-2.71360556574404	-2.70493738840303	-1.92229975285977	1482501.5
-2.70714231798225	-2.67170016107245	-2.61536031491809	-1.76940654934653	1485001.5
-2.72078792380013	-2.69046011550061	-2.62352032719157	-1.58655115754245	1487501.5
-2.7412655057627	-2.71648570920435	-2.65989895787165	-2.07768097515075	1490001.5
-2.78277230543677	-2.69335480922946	-2.69700330544301	-2.128808076243	1492501.5
-2.81494998282395	-2.72855593393502	-2.74340247269857	-2.00332802587359	1495001.5
-2.80080722621296	-2.70332268627341	-2.68775172142649	-1.89115807191637	1497501.5
-2.80265914341489	-2.61284496191015	-2.63347794422313	-1.91354021629909	1500001.5
-2.76067475428385	-2.60818409023133	-2.56640912361238	-1.37233766707926	1502501.5
-2.77201003218808	-2.62188787400936	-2.54499264956407	-1.64437081808059	1505001.5
-2.76724422247616	-2.64682914601633	-2.60589243330237	-1.70452945670406	1507501.5
-2.71787534211057	-2.6157125176864	-2.49770860107615	-1.53913186622101	1510001.5
-2.73135636849502	-2.64903469241658	-2.54390398196427	-1.92614357714248	1512501.5
-2.68995601888519	-2.61035791253405	-2.5410281979173	-1.59425700489244	1515001.5
-2.68709259384647	-2.58525623628394	-2.47580655651002	-1.41239375645944	1517501.5
-2.75518101725224	-2.71222440262672	-2.67641026930783	-1.66777266593889	1520001.5
-2.79255618078127	-2.71132219201907	-2.66072089139839	-1.79839437072255	1522501.5
-2.79238108717447	-2.7073672952979	-2.64866486620177	-1.993853437868	1525001.5
-2.7768671372942	-2.69478982772837	-2.66370567237404	-2.08561206270757	1527501.5
-2.73685776565063	-2.62503668769386	-2.5549716214739	-2.07929207618973	1530001.5
-2.72299919227294	-2.62346264963646	-2.57437914902614	-1.95091224904591	1532501.5
-2.65132773315558	-2.52753859677576	-2.54266998570517	-1.98381749531245	1535001.5
-2.6450581655966	-2.50382042193845	-2.53546124167637	-1.33933836517891	1537501.5
-2.57440013177714	-2.45747745692332	-2.53133843191672	-0.963807942194384	1540001.5
-2.54393695302109	-2.36660438947779	-2.50249333121519	-0.05477562633365	1542501.5
-2.5429795292774	-2.45436392223743	-2.52159159416564	-0.387036260058885	1545001.5
-2.52851214937146	-2.36555907097751	-2.43626069002329	-1.62277105559467	1547501.5
-2.60689486714754	-2.36949070798118	-2.44972209398364	-1.91652558512278	1550001.5
-2.61588839586972	-2.42907230074654	-2.42479406964007	-2.3684450847864	1552501.5
-2.61731290283427	-2.44600729216938	-2.36113173606927	-2.31073370205958	1555001.5
-2.65264285400338	-2.55084878536773	-2.4185678875258	-2.25672982564643	1557501.5
-2.66729223440175	-2.54185096074527	-2.47334515605001	-2.23337549084495	1560001.5
-2.6152457204446	-2.50108215341681	-2.41016548834864	-2.10464495439906	1562501.5
-2.54685367338634	-2.38597347122346	-2.26744340789959	-1.97232027949067	1565001.5
-2.42579840796056	-2.2260261201705	-2.10976007639104	-1.80967927434933	1567501.5
-2.39678707113704	-2.2854346187751	-2.17068905579366	-1.71233593181661	1570001.5
-2.3494200530068	-2.16384116807106	-2.21030479659617	-2.01341228307014	1572501.5
-2.55464610433666	-2.40407959224277	-2.4348865400018	-2.1921199603479	1575001.5
-2.56587171005405	-2.42067968629456	-2.49373838456348	-1.7594157389239	1577501.5
-2.60801990523251	-2.49109279986564	-2.51574510009989	-1.7656657080126	1580001.5
-2.6570158998749	-2.52703729192593	-2.49608215223895	-1.77076785899902	1582501.5
-2.66088634475314	-2.52718424611843	-2.5190351705055	-1.76220815581743	1585001.5
-2.70426062823032	-2.5987034684947	-2.58365311050169	-2.27164818878083	1587501.5
-2.63993265545175	-2.50604208870889	-2.51818255358036	-2.24388786509894	1590001.5
-2.71728588533725	-2.57445090294547	-2.65491373773467	-2.15336821429155	1592501.5
-2.70179543426545	-2.55679244916475	-2.66631845359414	-2.0739709772416	1595001.5
-2.66322737534394	-2.49942560394471	-2.56595307233591	-1.7972771329912	1597501.5
-2.75265117155414	-2.59491676201341	-2.64519215758924	-1.6239597242145	1600001.5
-2.72386006256129	-2.56111988881257	-2.63728020594212	-1.73809532975117	1602501.5
-2.7211835965478	-2.6003175319451	-2.64018936948074	-1.51163289751446	1605001.5
-2.76472145345637	-2.67256741128126	-2.70612341213438	-1.81217956515689	1607501.5
-2.74515002819342	-2.66321939796518	-2.67027803579906	-1.99941675557195	1610001.5
-2.6877988054684	-2.62170965763547	-2.56270557582629	-1.63885406323736	1612501.5
-2.69449971177472	-2.62662550401412	-2.56597103127521	-1.7482740305021	1615001.5
-2.62514038763893	-2.54407598694077	-2.49832906977366	-1.64849077377934	1617501.5
-2.60564613847058	-2.47284705280307	-2.50097803292727	-1.4617029160279	1620001.5
-2.66084545576231	-2.59690563481127	-2.57816680744133	-1.79767510115061	1622501.5
-2.64011497134565	-2.57139714009735	-2.50596910343944	-1.86710390553641	1625001.5
-2.68357699232407	-2.62022508508759	-2.55403404418483	-1.40272549322195	1627501.5
-2.64650170217884	-2.62152675739962	-2.48380771405911	-1.64966733671256	1630001.5
-2.6387594813495	-2.57361514346174	-2.43792913998697	-1.1068587497964	1632501.5
-2.52767190992659	-2.42189096010091	-2.34217791331375	-1.07502541472528	1635001.5
-2.24468929461352	-2.02229454398526	-1.93661301410393	-1.12285884674502	1637501.5
-2.31269075258832	-2.13909921067502	-1.99330586391121	-0.995072757098079	1640001.5
-2.30142052671172	-2.11132267258834	-1.97680240594993	-1.12767511539252	1642501.5
-2.3469000304334	-2.10745952894981	-2.02712914840092	-1.09447992619758	1645001.5
-2.67847991328044	-2.54433975642651	-2.49187997858962	-1.3355059459141	1647501.5
-2.68812568578639	-2.55294822342216	-2.55951851118413	-1.6284476253884	1650001.5
-2.71568368830253	-2.56633444244621	-2.59390485491081	-1.74424139050652	1652501.5
-2.7763159874852	-2.65534792966582	-2.71017520535576	-1.94910972642023	1655001.5
-2.75386630207265	-2.66668153578772	-2.6998557843768	-2.05713896064365	1657501.5
-2.74740858344334	-2.67035037765128	-2.67079091982656	-1.8673847430861	1660001.5
-2.78230110078631	-2.71796596015034	-2.74391862342434	-1.36183007304238	1662501.5
-2.77439378394289	-2.70870265708901	-2.71277670866153	-1.45167364554154	1665001.5
-2.7694454003768	-2.67341916537698	-2.69431566938214	-1.56941317765737	1667501.5
-2.78648045987628	-2.66859010944225	-2.70684224788102	-1.69891021660149	1670001.5
-2.72340523174985	-2.60921666640268	-2.55483492914405	-1.64762171319133	1672501.5
-2.51022847427007	-2.3630402535008	-2.07232132260199	-0.500893805332989	1675001.5
-2.54449285171388	-2.44895124206699	-2.139651392088	-0.596283187455624	1677501.5
-2.55121040486641	-2.44334242336955	-2.2291755175716	-0.444537049802091	1680001.5
-2.51830321645307	-2.48000756641361	-2.16908314331997	-1.19290631933744	1682501.5
-2.67069027795222	-2.65476366854761	-2.5028463887063	-1.77170584829144	1685001.5
-2.64442558709836	-2.62625366925083	-2.4387414354844	-1.69088541685102	1687501.5
-2.52755608505232	-2.56524050948587	-2.34717387699182	-1.83821614939663	1690001.5
-2.64292117364758	-2.58982773759141	-2.58167507165974	-1.86770845164042	1692501.5
-2.59644154203095	-2.56359936738738	-2.5362583835426	-2.28988967915086	1695001.5
-2.64756748598618	-2.58415840210735	-2.55193628178448	-2.30680077252713	1697501.5
-2.71904262375492	-2.66108174187015	-2.60320719577949	-2.34472309579125	1700001.5
-2.73692792394476	-2.68417704036776	-2.62582722399097	-2.28887291614155	1702501.5
-2.77164311038047	-2.66430869423486	-2.67399829467521	-2.13116905823167	1705001.5
-2.69952216675481	-2.64549998486796	-2.64205200532775	-1.91249953728944	1707501.5
-2.71897106003532	-2.62823240226659	-2.64119526060688	-1.82015721133053	1710001.5
-2.69377447715659	-2.59920953702491	-2.57314635943262	-1.13336389896566	1712501.5
-2.71533429111008	-2.64504060224618	-2.61028310961561	-1.08818476646715	1715001.5
-2.74991736550801	-2.63965095291531	-2.66673777241097	-1.39462538241944	1717501.5
-2.73794586339407	-2.56863854714172	-2.66238163080983	-1.59418082620726	1720001.5
-2.73351137237425	-2.57540210673526	-2.70148534791667	-2.05471019139818	1722501.5
-2.69697282632085	-2.47581979864708	-2.66405063021262	-1.60361002319171	1725001.5
-2.70898603567932	-2.46020594103206	-2.65401393143135	-1.15833728476811	1727501.5
-2.69222446391733	-2.50685479573125	-2.62716390180356	-0.846636999757806	1730001.5
-2.72386606643886	-2.50926737984226	-2.60192754591156	-0.91117535446436	1732501.5
-2.7832146278728	-2.60899644144455	-2.61154142773606	-1.57482933763225	1735001.5
-2.76624964131027	-2.59317581744241	-2.55776666000837	-1.72252685334002	1737501.5
-2.64041190388335	-2.47857453547891	-2.44767338211265	-1.51722543025995	1740001.5
-2.63635487657477	-2.44021802289365	-2.43828927727675	-1.58721092330736	1742501.5
-2.41447152049447	-2.23855397163009	-2.24040230066745	-1.41387352337418	1745001.5
-2.44180398486388	-2.21571425209871	-2.23122155922333	-1.08676341533863	1747501.5
-2.51295030197835	-2.18655146811193	-2.23529054574112	-0.772964951150675	1750001.5
-2.51653609355573	-2.31400471227226	-2.26548297633877	-1.47771415986013	1752501.5
-2.69138755615135	-2.551847533885	-2.47744244773062	-1.12826263033816	1755001.5
-2.67661965557934	-2.58021240657827	-2.50340903653995	-1.5049902319543	1757501.5
-2.76473696277911	-2.70326263730469	-2.65203320656599	-1.84264662459173	1760001.5
-2.77265162605383	-2.69681401833872	-2.69020545615942	-1.4134719236383	1762501.5
-2.77089198478728	-2.68071824696019	-2.70651829944512	-1.99415574436375	1765001.5
-2.78420933502542	-2.68287769790231	-2.72365485751982	-1.73490078590713	1767501.5
-2.73532210675885	-2.65151966763536	-2.72714112779519	-1.50279712597524	1770001.5
-2.72108297310788	-2.65208714234873	-2.68172946374087	-1.68310703115656	1772501.5
-2.71962075990672	-2.65620453083932	-2.6907807444301	-1.52067510865835	1775001.5
-2.7277316735159	-2.67437346192381	-2.66564532379708	-1.732630478442	1777501.5
-2.77208044222793	-2.70935753666788	-2.65652053779301	-1.87634854855359	1780001.5
-2.788784134501	-2.7033101572696	-2.65954214518032	-2.07422378858923	1782501.5
-2.79951864112072	-2.72198830750771	-2.6750036244858	-1.95891656750378	1785001.5
-2.79540153338642	-2.72204099865492	-2.62543968094563	-1.36775002276399	1787501.5
-2.79498900424959	-2.72216813042535	-2.62910072055916	-1.56197827298337	1790001.5
-2.77749052546832	-2.71172068483346	-2.6077879574003	-1.2786082579234	1792501.5
-2.76675726292788	-2.71243659528667	-2.60509970734884	-1.36097721813158	1795001.5
-2.75998577025193	-2.70560752795776	-2.66167492581613	-2.03108626509729	1797501.5
-2.73859584926177	-2.67615970334011	-2.63216558196691	-1.85757173315543	1800001.5
-2.69403393034747	-2.58073471180127	-2.63856645690431	-1.40647729223826	1802501.5
-2.58934342620202	-2.38474159609071	-2.51655435310201	-1.06103130635812	1805001.5
-2.57624055492992	-2.41628487084729	-2.49598465467074	-0.963162481846469	1807501.5
-2.52395081790928	-2.36394004574288	-2.49000486625533	-1.07491209415054	1810001.5
-2.42415032047245	-2.26795284801109	-2.27307835650244	-1.04592738447481	1812501.5
-2.5012024842938	-2.42207768363883	-2.36758189731628	-1.28661312216927	1815001.5
-2.51767920115293	-2.43728653552481	-2.43932162423953	-1.43775008356428	1817501.5
-2.57155814532778	-2.48516654801961	-2.49311845749634	-1.36534785123355	1820001.5
-2.76625005350677	-2.70820576960792	-2.78336713410132	-2.01205403101474	1822501.5
-2.75919565787419	-2.69509168492406	-2.77365237542495	-1.92102834415721	1825001.5
-2.7563214692242	-2.66819370574167	-2.76242436174707	-1.36310149209765	1827501.5
-2.71598833479963	-2.64547773767013	-2.66759020427137	-1.01031218155203	1830001.5
-2.73937910337747	-2.68331294160894	-2.61223827499613	-0.878817484277676	1832501.5
-2.69940682975835	-2.60939568463961	-2.568321674879	-1.13361436664271	1835001.5
-2.68351759272325	-2.58077872115293	-2.58385724212918	-1.43959582373296	1837501.5
-2.7061727370765	-2.57875829267546	-2.62795010866038	-1.39957071815346	1840001.5
-2.69595610067875	-2.53870566439614	-2.5998095288389	-1.67425492890454	1842501.5
-2.75343056900433	-2.62682208651734	-2.69092536548963	-1.87450843910722	1845001.5
-2.79291253028295	-2.68139597610417	-2.71833928445022	-1.98620074354272	1847501.5
-2.78712358235196	-2.68611018214517	-2.7005330319523	-2.03236797155595	1850001.5
-2.79477347992182	-2.68690407209114	-2.71333590092795	-1.61816648653707	1852501.5
-2.70514827304653	-2.60634751680285	-2.50157033901686	-1.28961972057772	1855001.5
-2.69334957590243	-2.57682857137124	-2.51899015627979	-1.43312274278034	1857501.5
-2.74917243848326	-2.63476767007332	-2.59187875410454	-1.53231691034251	1860001.5
-2.65664073722267	-2.55290989689422	-2.47378394854063	-1.51961464256202	1862501.5
-2.70248568868897	-2.60095442681797	-2.59737251609065	-1.35972418375361	1865001.5
-2.71907320686667	-2.61898801560146	-2.64934012733453	-0.60013507609727	1867501.5
-2.66677033344804	-2.58045119474503	-2.63702920886483	-1.00448670412644	1870001.5
-2.76771981029845	-2.70753469885053	-2.77056966173531	-1.3176020330454	1872501.5
-2.74774323041881	-2.68523324559116	-2.70959141981344	-1.54274449002497	1875001.5
-2.72376567675406	-2.65768537028823	-2.6592210904208	-1.7819412628176	1877501.5
-2.73546024368972	-2.64931101168799	-2.60539804171734	-1.45314717398816	1880001.5
-2.69635005709182	-2.56027387092606	-2.52037283922228	-1.36885808380641	1882501.5
-2.7223676800663	-2.56503751436852	-2.58338041415618	-1.2905560927108	1885001.5
-2.70603061120198	-2.51805100937187	-2.56417768540447	-0.843336826881072	1887501.5
-2.71510181263742	-2.57326072442986	-2.63576986885217	-0.956247285578736	1890001.5
-2.71932487682178	-2.60612900965434	-2.61608465148878	-1.00501695625595	1892501.5
-2.70520815646603	-2.59352852000978	-2.57379285955487	-1.08071094180067	1895001.5
-2.72085927771808	-2.5950126494387	-2.53832269598152	-1.55097781483312	1897501.5
-2.70385328992399	-2.51499788782939	-2.42817396635306	-1.62959481712959	1900001.5
-2.73140025923513	-2.51685810328288	-2.58821339068954	-1.44653156653811	1902501.5
-2.70052624692607	-2.50504330186344	-2.59092054532558	-1.37356684056395	1905001.5
-2.6592691682202	-2.54428894158225	-2.56262193069578	-1.64226264864111	1907501.5
-2.65128907059819	-2.50133602406283	-2.56682244974818	-1.45155057986065	1910001.5
-2.67392743563712	-2.56857296417222	-2.55007988833673	-1.66372884487163	1912501.5
-2.68789744435563	-2.55828762376181	-2.55339073269145	-1.71260275357547	1915001.5
-2.71026450005826	-2.56793422464117	-2.59129787317974	-1.48708397018753	1917501.5
-2.7051012608039	-2.59692357088447	-2.5328655818757	-1.60265063531	1920001.5
-2.5109724099302	-2.255756396529	-2.35502142668141	-1.66818183883256	1922501.5
-2.1414455550448	-2.06998943845107	-2.19443465962661	-1.40888153327621	1925001.5
-2.1414455550448	-2.11625192399155	-2.15133054210031	-1.40888153327621	1927501.5
-2.48238416580948	-2.26966765887096	-2.39053627030021	-1.44067666812248	1930001.5
-2.22317361105783	-2.21808635437669	-1.85998462527597	-0.179587130988269	1932501.5
-2.38376503034304	-2.29244415119579	-2.00650555733471	-0.0174895574873469	1935001.5
-2.46173655300526	-2.38136298386832	-2.17459404242107	-0.0417223524295041	1937501.5
-2.44987606799602	-2.40747448099239	-2.18981733389298	-0.139304379314327	1940001.5
-2.55498609922952	-2.43793248141455	-2.47690491220062	-0.606138580483594	1942501.5
-2.54624765883662	-2.40360276900052	-2.53276322682232	-0.745703602179199	1945001.5
-2.61001119061343	-2.49419642985692	-2.5818709740748	-1.12772408619879	1947501.5
-2.60895431537492	-2.47324026927329	-2.52943950401142	-1.03517993255318	1950001.5
-2.71916785548256	-2.59242260306208	-2.62457547883783	-1.35203362575091	1952501.5
-2.74241452459916	-2.64087815217181	-2.62080121219233	-1.50002312200679	1955001.5
-2.7106775854567	-2.56971225384377	-2.53033750977174	-1.63387335880118	1957501.5
-2.68558899688832	-2.4974509374596	-2.48469077163346	-1.65997169461998	1960001.5
-2.6614841726563	-2.53170686443176	-2.50648625444151	-1.39008498334844	1962501.5
-2.56534614943044	-2.48034772413401	-2.40882805849257	-1.28991026405997	1965001.5
-2.57038905948298	-2.47901851071117	-2.48918999194852	-0.84100394518694	1967501.5
-2.56123942427082	-2.55883955464675	-2.50965437521876	-0.539814355782448	1970001.5
-2.54097737330739	-2.35161834369766	-2.38645654351931	-0.050548528586775	1972501.5
-2.41979194396906	-2.04901700258251	-2.17720611848629	0.0680236336248623	1975001.5
-2.41070181827308	-2.11306391422164	-2.09740004907035	-0.0875364374389648	1977501.5
-2.41267961883705	-2.11679036249362	-2.15648302920039	-0.477171416460793	1980001.5
-2.08878082706447	-1.90601126840204	-1.8131319783664	-0.669194822486705	1982501.5
-1.64180426007933	-1.39931978193691	-1.38938939270249	-0.165009117950085	1985001.5
-1.57787456793225	-1.32142803098863	-1.34865710128196	-0.454931517428186	1987501.5
-1.49676757904583	-1.3246396971751	-1.19837468888928	-0.489286050208915	1990001.5
-1.56074970194821	-1.46007753891288	-1.1835213027796	-0.414174984580478	1992501.5
-1.80772697561932	-1.82128502798177	-1.43345430128482	-0.90704574495018	1995001.5
-1.80551059174923	-1.75249070424628	-1.40177568630164	-0.530532487537855	1997501.5
-1.74711708312058	-1.62559252625829	-1.32773910193134	0.210179785943851	2000001.5
-1.77525800053597	-1.52037161936395	-1.41508011632681	0.390110180679946	2002501.5
-1.77086527461575	-1.34806210986357	-1.39542374342134	0.688296985806184	2005001.5
-1.55455734728432	-1.20821653879565	-1.0643750954875	1.87632123341892	2007501.5
NA	NA	NA	NA	2010001.5
NA	NA	NA	NA	2012501.5
NA	NA	NA	NA	2015001.5
NA	NA	NA	NA	2017501.5
NA	NA	NA	NA	2020001.5
NA	NA	NA	NA	2022501.5
NA	NA	NA	NA	2025001.5
NA	NA	NA	NA	2027501.5
NA	NA	NA	NA	2030001.5
NA	NA	NA	NA	2032501.5
NA	NA	NA	NA	2035001.5
