"TajD.pop.1"	"TajD.pop.2"	"position"
-2.20724803439435	-1.29242030996716	505000
-2.26078674386633	-1.64404366754777	507500
-2.48934951796072	-2.14724154992888	510000
-2.27003319430704	-2.17617829198097	512500
-2.11915782243288	-1.80317799949093	515000
-2.08287305576449	-1.39933444204428	517500
-1.96886592000123	-1.31258524416598	520000
-2.09392775952379	-1.0510379995878	522500
-2.26882517113986	-1.62478220478052	525000
-2.43051598954673	-1.90302722663742	527500
-2.4564390683928	-2.05407359243162	530000
-2.49893379499446	-2.17780452916024	532500
-2.52654774600059	-2.15648494525054	535000
-2.58000636477188	-2.34361244044353	537500
-2.54904979826282	-2.21214909231916	540000
-2.56896764492287	-2.25827093666934	542500
-2.45490355544143	-2.08932809742774	545000
-2.30371346316433	-2.03787589220727	547500
-2.31642123582118	-2.15247000093547	550000
-2.12351855107478	-1.8126888919175	552500
-2.20468662569612	-1.94863311388483	555000
-2.39844378521941	-1.93899409344822	557500
-2.39227132459956	-2.03318655944577	560000
-2.5686693526835	-2.28111322292155	562500
-2.63216541209872	-2.4310385829125	565000
-2.64393833051891	-2.45556241937303	567500
-2.62513918543189	-2.3390275506582	570000
-2.62220519649163	-2.28565058126206	572500
-2.60468392829769	-2.15396353322627	575000
-2.54477708374142	-1.83317581484735	577500
-2.40957008173161	-1.18547118115731	580000
-2.43272024389436	-1.17835863632114	582500
-2.45914182180774	-1.57517650077525	585000
-2.43530432969298	-1.83506217836567	587500
-2.601945760159	-2.31530998847999	590000
-2.68189515172628	-2.46511011381884	592500
-2.68472371850226	-2.35968325462902	595000
-2.68001643983045	-2.34422831641318	597500
-2.53585592176248	-2.27788419545905	6e+05
-2.38358587333823	-1.70176640942487	602500
-2.40156574859916	-1.62035880131073	605000
-2.36054345147634	-1.71320426053912	607500
-2.36099421091952	-1.63839414973273	610000
-2.2972642173609	-1.83454889030179	612500
-2.06862669534972	-1.8427505816074	615000
-2.04779179948958	-1.56275622161542	617500
-2.23437284674892	-1.61127029343373	620000
-2.37006913045294	-2.05779563282489	622500
-2.27805748212187	-2.12282088658854	625000
-1.92778126402275	-1.86661893038297	627500
-1.76713223952786	-1.78614796977573	630000
-1.74512421205744	-1.54252321453966	632500
-1.63211817683831	-0.709907921676069	635000
-2.14989082230552	-1.51572237886088	637500
-2.20108609363316	-1.61464874006416	640000
-2.08572338726813	-1.488812510294	642500
-2.42727040741984	-2.18578330304802	645000
-2.45655898256782	-2.0403764234405	647500
-2.45807489502173	-1.96794143013264	650000
-2.48369321168242	-2.07689662196015	652500
-2.47426045546571	-1.78808912238733	655000
-2.44943670548818	-1.54520163738588	657500
-2.50148177209392	-2.17466493172318	660000
-2.55473829955261	-2.32080789524489	662500
-2.57996308572795	-2.46482350611861	665000
-2.61406330856343	-2.61193813754511	667500
-2.57548537482674	-2.56364449638189	670000
-2.56427951437133	-2.49365433072975	672500
-2.49834781446883	-2.17991198158674	675000
-2.53652979543997	-2.17991800272482	677500
-2.57124298320332	-2.12581749333408	680000
-2.55553410759157	-2.12576001064683	682500
-2.59706090595843	-2.24953772502934	685000
-2.53522941780591	-1.84594908003354	687500
-2.08423320221412	-0.0236042946219237	690000
-2.12411751358387	-0.739234722554797	692500
-2.1470548298285	-1.02386993108339	695000
-2.20156833210983	-1.31097501713937	697500
-2.3592821069821	-2.17300143762206	7e+05
-2.38926879939216	-2.07924330030349	702500
-2.41404492809256	-2.00482593370764	705000
-2.45534938295563	-2.11899860930907	707500
-2.61009074201909	-2.18586674509833	710000
-2.60706390520625	-2.18585513734956	712500
-2.61123786476475	-2.18916283667813	715000
-2.53608853302227	-2.15696356175154	717500
-2.48330189391216	-1.81696677782741	720000
-2.44210127458149	-1.97316985611403	722500
-2.42419286277918	-1.85078578623277	725000
-2.53046698468461	-1.89681794360044	727500
-2.62164947948865	-2.29277702349103	730000
-2.51555751548724	-2.03473940600692	732500
-2.50525845341831	-2.05810927816936	735000
-2.45552402876769	-2.05811572626577	737500
-2.5175489255842	-2.25063242266608	740000
-2.64226448180597	-2.4090746532086	742500
-2.298122908848	-1.65831631178772	745000
-2.30831676725644	-1.51568818252419	747500
-2.10739875823805	-1.01851096701038	750000
-2.23586544239611	-1.01854427307738	752500
-2.625323277815	-2.15420259231416	755000
-2.45994800331362	-1.87713882707866	757500
-2.49155360657603	-1.87713882707866	760000
-2.37983938488411	-1.63576119423142	762500
-2.40857520465893	-1.80568038832036	765000
-2.54820961516142	-1.82535644178897	767500
-2.51694828885904	-1.69619652201098	770000
-2.57931586698147	-1.83516351872601	772500
-2.53944428565187	-1.57241442757514	775000
-2.487656083668	-1.92748691564953	777500
-2.38365682718916	-1.8602583314726	780000
-2.17537550703263	-1.83822978839769	782500
-2.03208782931906	-1.68415258448915	785000
-1.88340552648042	-1.50086330546847	787500
-1.43617061409453	-1.14765539772122	790000
-1.55357319373957	-1.00325415353636	792500
-1.61377042227315	-1.19047867448215	795000
-1.78586227132561	-1.31365021096279	797500
-2.13302885309994	-1.65290666204756	8e+05
-1.84161781588076	-1.25690112785571	802500
-1.80453813053612	-1.20128682596434	805000
-1.67395307010705	-1.05921297821675	807500
-1.66018787010118	-0.643356008362778	810000
-1.92947152323698	-0.895721272655853	812500
-2.06537688337565	-0.895721272655853	815000
-2.31997648956868	-0.754306116543462	817500
-2.51067823841948	-2.00112928558101	820000
-2.35476614323345	-2.16844101068954	822500
-2.31409332480066	-2.10223401027018	825000
-2.18838705422907	-2.12188247537068	827500
-2.17372707499136	-2.14752568512596	830000
-2.21161763622735	-1.98320386045533	832500
-1.51228510029717	-1.14576793092781	835000
-0.52921351998905	-0.551838630260243	837500
-0.0867946481508599	-0.547024708228274	840000
0.826399540266031	-0.0159581357933927	842500
1.18694411580914	0.72754388517135	845000
1.17039774667689	0.835957347122659	847500
0.944757403755114	0.928248782394606	850000
0.594499547695648	0.766165331136072	852500
-0.0393903506477863	-0.00109563832219224	855000
-0.771197066881435	-0.681585795886556	857500
-0.59617644179932	-0.561859744245394	860000
-1.08910926520599	-0.79266028274863	862500
-1.94584892510138	-2.32194450932345	865000
NA	NA	867500
NA	NA	870000
NA	NA	872500
NA	NA	875000
NA	NA	877500
NA	NA	880000
NA	NA	882500
NA	NA	885000
NA	NA	887500
NA	NA	890000
NA	NA	892500
NA	NA	895000
NA	NA	897500
NA	NA	9e+05
NA	NA	902500
NA	NA	905000
NA	NA	907500
NA	NA	910000
NA	NA	912500
NA	NA	915000
NA	NA	917500
NA	NA	920000
NA	NA	922500
NA	NA	925000
NA	NA	927500
NA	NA	930000
NA	NA	932500
NA	NA	935000
NA	NA	937500
NA	NA	940000
NA	NA	942500
NA	NA	945000
NA	NA	947500
NA	NA	950000
NA	NA	952500
NA	NA	955000
NA	NA	957500
NA	NA	960000
NA	NA	962500
NA	NA	965000
NA	NA	967500
NA	NA	970000
NA	NA	972500
NA	NA	975000
NA	NA	977500
NA	NA	980000
NA	NA	982500
NA	NA	985000
NA	NA	987500
NA	NA	990000
NA	NA	992500
NA	NA	995000
