x
29.4985301499141
11.9871470923182
8.67884867217366
8.04746956210256
6.71715265244174
5.64520915159466
5.10477742248406
4.74595353696901
4.45892513161941
4.32499106006146
3.60009289136568
3.3767459674968
3.17193758689091
2.92686248073491
2.83193815793216
2.68035431562165
2.50486521155171
2.30643865335788
2.24751928627508
2.19892671038403
2.0259229794063
1.94118376508271
1.83595363748347
1.81806350572603
1.68921229779728
1.62907851811327
1.60490434994597
1.52686823792807
1.50976512422299
1.47653090179959
1.43470006201932
1.39614272966266
1.3546894810257
1.32963458843132
1.29918678216461
1.27190928685716
1.21949101626803
1.20459831236377
1.17310597888686
1.14762774159561
1.13486606194358
1.11410638184183
1.08791402283805
1.07157350917167
1.06942597996845
1.04463226620554
1.03632957099388
1.00781995448702
1.00255826503506
0.984720225295091
0.966956574107076
0.950590616052108
0.931350158408048
0.924014503554319
0.92250383519201
0.915233295225919
0.892421381121462
0.888792952244554
0.887298851403126
0.87470707144702
0.868244793828287
0.843838774758951
0.840963624719426
0.820889858634578
0.809004880478659
0.796609442918278
0.795691027364293
0.790004544088855
0.779371282401784
0.770816709664345
0.764926794990433
0.759139331052546
0.750960924255527
0.736584337457577
0.731860503100752
0.726117469171291
0.720266036893116
0.711280545631591
0.707151278792115
0.70025473723509
0.696807557426138
0.69065499977871
0.682900659646833
0.676991352753961
0.665292350741664
0.657490641510283
0.650472562773537
0.648248135245494
0.645615227987027
0.643065915337602
0.641343351582612
0.636225336754291
0.629230460308973
0.623443276344813
0.620152739327819
0.613983670939052
0.610527794073681
0.603796348950515
0.599294439536237
0.595922642974303
0.587544906979123
0.583773854382259
0.574707594941109
0.569767118201273
0.564649988076865
0.562431876571903
0.555757131890279
0.552013443892877
0.548586703653111
0.54475502519707
0.538692160080762
0.535566495604233
0.53301591959583
0.527904009649315
0.525406711607472
0.521347233263761
0.518083332652716
0.514844022551655
0.514406929708839
0.507186679228908
0.505279970134491
0.502926136406418
0.495169903217439
0.492385160220084
0.491661761617706
0.488566824193268
0.483506541651713
0.479165745238179
0.478188329552564
0.472250067358336
0.465844384787163
0.463795782569023
0.459591077853197
0.457005047044624
0.454565736925799
0.449997337127106
0.448072094804618
0.443830518894291
0.442597655160527
0.439028576837247
0.436049913422255
0.434793833447566
0.426364405750048
0.425187381249533
0.421075825939066
0.418318210961386
0.41722332698931
0.412381642844231
0.40825365943768
0.405320736408834
0.403427993974268
0.400245224300411
0.398574170361552
0.395713897742537
0.392419442658477
0.391077237057626
0.389002722313485
0.385577893810243
0.385180354752554
0.38180096332755
0.37834627837897
0.377846402229855
0.374937955417729
0.36977015972139
0.366333688192118
0.363377723646116
0.362645599863033
0.360762424877758
0.359116943944537
0.357261764406412
0.354206569325164
0.35169915046798
0.349837507085578
0.348045979188273
0.345433959549473
0.342639753052213
0.34082711509669
0.338942575481607
0.336938092797246
0.33224961701486
0.330741790126616
0.33033359305321
0.327228253505877
0.324867242792675
0.323269007116853
0.322213029752548
0.317856653099427
0.315655420335792
0.313056594629029
0.312231237354572
0.310717515514155
0.307902209630065
0.307321543632056
0.303700924441649
0.302583131295805
0.299948839964823
0.298547383367245
0.298125047775246
0.295750060115699
0.295002379115043
0.292651480149201
0.292587753594259
0.289374096405483
0.288735259248147
0.287924431669756
0.285779466247991
0.283398190497564
0.282069295254519
0.279724392238454
0.277122215478745
0.275661646398211
0.274800154235934
0.274173021832439
0.273323892029933
0.272255332896749
0.270764432580108
0.269599063026021
0.267147702917211
0.266343691202305
0.264697833624547
0.262398304520898
0.261615491130937
0.261325383787495
0.259355000466429
0.257372033693794
0.254199730433364
0.253326444316986
0.252940622271867
0.251230235921547
0.2497306315516
0.249363126192516
0.247002441301731
0.246440682547709
0.245762133926263
0.245097720034368
0.244078715359516
0.242252819824195
0.241286867575465
0.239821182031379
0.239494904590267
0.237628344824157
0.236628240697195
0.236271957198397
0.234553159537469
0.234038091961349
0.231958430189931
0.230629243600397
0.228511324868065
0.226423552689595
0.225586416129131
0.224355804343868
0.223124411289431
0.222226035011194
0.221546862340042
0.219660070204126
0.218176550063626
0.217437481076103
0.216332912914548
0.215812456652648
0.215169919241751
0.213827396325489
0.213004116266595
0.211288263723491
0.210931772357962
0.209605059536101
0.208815127647821
0.207636211564134
0.206336002807858
0.205885233672008
0.205135969106324
0.204266247732668
0.20339829964871
0.203126319129447
0.201562080051752
0.200498659681807
0.19963981494821
0.197832464834137
0.196785025138824
0.195879205650019
0.194270275424308
0.193027164563605
0.192803496532035
0.19231952543462
0.191345220893813
0.190561303925225
0.189696871821024
0.188734788124977
0.18804921717426
0.187448926940625
0.186645208596376
0.186314322683632
0.184099408221521
0.183644970651835
0.182368538615989
0.182259910303614
0.181261795752253
0.181135939897312
0.180537868082752
0.179155264567821
0.178249805254291
0.177713387070906
0.177256609696795
0.176758583009771
0.175418328539186
0.17453154244681
0.173811957511623
0.172846766304932
0.171648233675616
0.17132108246355
0.170854805477859
0.170175639236829
0.169514396462584
0.16904082594678
0.168175245974618
0.167649392528462
0.167595368692779
0.166707323273235
0.166147139584435
0.165580674240037
0.164728479768618
0.163919345971417
0.162429940906554
0.162312983074153
0.16177307633053
0.160591858669232
0.160318736562188
0.159633352952428
0.158537037384341
0.15824124976628
0.157528602741917
0.156415600264892
0.156264654639283
0.155689304707258
0.155173857308999
0.154581527898817
0.153945711884501
0.152884234142505
0.152401790694569
0.151736530906949
0.150894716893519
0.150166924646094
0.149928453070613
0.14930600525488
0.148698463662922
0.147877853980865
0.147443228277172
0.146785869650667
0.146418294071341
0.145783196433533
0.14476704204047
0.14440034868234
0.143880528466758
0.143074298559261
0.142691438035059
0.142256087647843
0.141813750518766
0.14129488468292
0.140842175225256
0.140335675708264
0.139247156120444
0.139127587825899
0.138362977337117
0.13824766771707
0.137809474945361
0.136963213895456
0.136250360062587
0.135522200127586
0.135287888881847
0.134928691150816
0.134662647683592
0.1344735147091
0.134035094968619
0.133342932642373
0.133035193442683
0.132854747985247
0.132237636816305
0.131326402946989
0.131250661951291
0.130263328228812
0.130009406198876
0.129876925040338
0.129419827758001
0.128603669421229
0.128242934195292
0.128039123260698
0.127373675587726
0.127322851068152
0.126793792580199
0.12640833718372
0.126115283595029
0.125970985606587
0.125380540270363
0.124952323451348
0.124227307226089
0.123967488015276
0.123621850950249
0.123441773161585
0.122856425524074
0.122369366828277
0.122127293199051
0.121401083571227
0.121006888934394
0.12049711283511
0.120265160130637
0.119998666068327
0.119310878782616
0.118877420471105
0.118592411708564
0.118010743960112
0.117643011668047
0.117610955347889
0.117367261718745
0.116972813942961
0.116781883795851
0.116024578752407
0.115858489335378
0.115412166732393
0.114886414048545
0.114618213049644
0.114321194271299
0.114068773937599
0.113715007314424
0.113191181206523
0.112801550075731
0.112394932578729
0.112278914811255
0.11175683770006
0.111701642089478
0.110956360236058
0.110614862366156
0.110416671932006
0.109865769683139
0.109607476931696
0.109098661044908
0.108963363717817
0.108536535131033
0.107840567285766
0.107733561849385
0.107475153953903
0.107132491200711
0.106921162598841
0.106598719629138
0.106140764526581
0.105226752996676
0.105098820186086
0.104969134395433
0.104834658001077
0.104485997690942
0.10406389923925
0.104009064378136
0.103835620725801
0.103612018445358
0.10315262732389
0.102811649007601
0.102527577784133
0.10236814994953
0.10206848219236
0.101720007076525
0.101308400424087
0.101217617582463
0.100621831652352
0.100457087534713
0.100234166938725
0.100173946626063
0.100101193145531
0.099544944482833
0.0994299973340403
0.0990522329547906
0.0989634595235984
0.0985864789867125
0.0982557066600777
0.0980632063106732
0.0977193980535597
0.0975249429927894
0.0973691152955375
0.096989659894193
0.0967762085061689
0.096363864903569
0.0960438855190367
0.0956601689437614
0.0955034998125485
0.0950957134396092
0.0949225187619303
0.0948445867239076
0.0946012226500919
0.0942658459093001
0.094168462973741
0.0937371745332608
0.0932726197318168
0.0930969688909723
0.0928392693581927
0.0927035113615487
0.092591142513009
0.0922958879008789
0.0920668208204889
0.0918483644737596
0.0916124462146821
0.0914894192019798
0.0912594031286452
0.0909083817403638
0.0907998806145181
0.0903134115871843
0.0901652887702589
0.089734583906417
0.0896406787625953
0.0892858645809543
0.0888561468257551
0.0886912246601742
0.0884957817436585
0.0884788497888243
0.0879522268159946
0.0878853987847875
0.0875286963669298
0.0874860300097159
0.0872422652538882
0.0871481343866452
0.0868842635285597
0.0866502067252841
0.0862814467467634
0.0862186203047699
0.0861714747391086
0.0860231877458964
0.0853535517220204
0.0852846712670814
0.0849988210532758
0.0849627486644615
0.084871606140031
0.0844356638468262
0.0842413023862476
0.0841132974566416
0.0840470795615255
0.0836784215613167
0.0834109134739215
0.083309283359531
0.0830943383684671
0.0830361608675916
0.0828318225459271
0.0826362105917547
0.0825192834361011
0.0824645800441097
0.0822754785735312
0.0818667178502633
0.0816313068868954
0.0813997222994835
0.0812514704770072
0.0812295657967877
0.081029970540216
0.0808018577687813
0.0803178632729554
0.0802101006391956
0.0801300532552417
0.0799153263225552
0.0796463515864558
0.0795135706628871
0.0792037997464456
0.0791372479520681
0.0790706233293056
0.0787825922125294
0.0785352595247643
0.0783657988413066
0.0782482183816064
0.0780385538243652
0.0778626508331449
0.0776886748658462
0.0773997503536535
0.0773277756167203
0.0772160211679334
0.0768925543291258
0.0768002736608736
0.0766564876826331
0.0766037857019176
0.0762965233104237
0.0761389963031732
0.0758390313994023
0.0757431003496861
0.0756613690025798
0.0754318417247167
0.0753117595941167
0.0750092785772669
0.0749434371140575
0.0747975125629329
0.0745640744326651
0.074503990260342
0.0743349460309056
0.0741320407893732
0.0740538652269925
0.0738148355791684
0.0737915280148161
0.0736845732933191
0.0735429527812194
0.0734012944660882
0.0732292822840536
0.0728864523335084
0.0727273067308623
0.0726187033190475
0.0725479696207113
0.072354146032257
0.0722541039517968
0.0720853572547227
0.0719668792960849
0.0716667276167398
0.0714642304697132
0.0713399410172258
0.0712248454035659
0.0711196803881954
0.0709106191415153
0.0708892429981957
0.0707876240616676
0.0707407411583504
0.0703119192425339
0.0701777775519743
0.0700343748713932
0.0700152553091687
0.0698529458576604
0.0698456238945852
0.0695351447165904
0.0693910748912226
0.0692821448215876
0.0692484232735369
0.0691422811064427
0.0688446361673189
0.068750180075699
0.0686943188150633
0.0685687961156045
0.0683558505828142
0.0681246572188199
0.0679987103848319
0.0679642042215617
0.0677886227656256
0.0676523973880273
0.0676134001180894
0.0674336441647188
0.0672744350370637
0.0671380745270183
0.0670601779818111
0.0668684718549618
0.0667630468093995
0.0665356908669951
0.0663776128030391
0.0662185924396567
0.0660308239426776
0.0657707090261562
0.065736834055359
0.0656000556530902
0.0654492588801046
0.0653781756593061
0.0652314119985451
0.0651864011204041
0.0651030151874672
0.0649357711265083
0.0648853382262794
0.0646781272681177
0.0646417116366106
0.0645754358310517
0.0644101065848363
0.0643031786945731
0.0641999524824211
0.0640705838625033
0.0640495194879059
0.0637788906570874
0.0636393888805388
0.0634412015684301
0.0633264881391892
0.0632489100628281
0.0631045030788722
0.0630035169865456
0.0629295322459461
0.0626673497061887
0.0626448980993715
0.0624900007549451
0.0624084573950319
0.0622731588609614
0.0621921041277689
0.0619980075752586
0.0619134482355106
0.0618757891253211
0.0618242135707391
0.0617269934894376
0.0616417679342662
0.0614441372084849
0.0613581612091469
0.0612937557081756
0.0610246939164417
0.0609429734689978
0.0607965079867158
0.0607569129638494
0.0606791094950799
0.0605560830316822
0.0604678255371896
0.0603591525704378
0.0602817960319585
0.0601262834714028
0.0600698858586767
0.0598363107991258
0.0597470033140555
0.0596800008492957
0.0596042612937297
0.0594829143542911
0.0591860255673535
0.0591628106670813
0.0590926332701503
0.0589625815772855
0.0589057295307505
0.0587334127561922
0.0586872240096672
0.0585909592542681
0.0584548112591648
0.0582872790915938
0.0582554361152424
0.0581432701022066
0.0580396325036103
0.0578704370225577
0.0578184480302509
0.0576702398740529
0.0575956597533359
0.057482209620097
0.0574185674819602
0.0573116695269978
0.0572067122213316
0.0571159123935324
0.0569672724003122
0.0569132075784683
0.0568551318359017
0.0567843514396801
0.056659233342783
0.0564623244675022
0.056412322653752
0.0562913849239786
0.0562391152855965
0.0561406308345114
0.0560856190606595
0.0559884898499539
0.0559192701667606
0.0558688041753333
0.0557853129134628
0.0556432615626676
0.0555526007726063
0.0555004655349557
0.0553486473792138
0.0552484839516798
0.0551161650478121
0.0550943851002753
0.0550285195373353
0.0547942804499547
0.05467870536655
0.0546156698141822
0.0545188706089811
0.0544653594760662
0.0543907592193128
0.0543575551075994
0.0542200311516088
0.0540287999922316
0.0540138310267024
0.0539530360757589
0.0538530649708048
0.0537723865200209
0.0536374095461961
0.0535723576098402
0.0534713798344916
0.0534252346030225
0.0532726562211462
0.0532352947687816
0.0531647542080808
0.0530647620800733
0.0529741739519161
0.0528926313048283
0.0528808570216945
0.052730078310144
0.0526011864334667
0.052514185439643
0.052413179127453
0.0523278450889451
0.0522518726385255
0.0521509148502175
0.0521004500540153
0.0520130878736201
0.0518913385192479
0.0518225119026104
0.051773751959208
0.0516009782417362
0.0515631207347728
0.051438856782951
0.0513616146751638
0.0512861826850539
0.0511996577961426
0.0511455384157644
0.0510940008259896
0.0509492604540606
0.050828705232462
0.0507905961794149
0.0507033525308454
0.0506519095480476
0.0505714423937001
0.0504015072376487
0.0503422579326424
0.0502214917906009
0.0501865433015042
0.0501585604173981
0.0500876458386051
0.049975848056075
0.0499179424415963
0.0498384109965348
0.0497364043510997
0.0496490275853891
0.0496019977639711
0.0495593110769514
0.0495246016535469
0.0494593698469904
0.0493036285486605
0.0492835082485733
0.0491887059594449
0.0490550222978417
0.0490150012752192
0.0489133859356992
0.0488001555049743
0.0487487392865318
0.0486928525926158
0.0485347055111125
0.0484975829820565
0.0483002727582935
0.0482806512936273
0.048244056076951
0.0482032044242745
0.0481615700154934
0.0481134138375382
0.0479818289643832
0.0479095428197854
0.0477680949593636
0.047693574345678
0.0476226539160629
0.0475516396648496
0.0474845421971697
0.0474320246335959
0.0473604138120074
0.047302336181836
0.0472152488687043
0.0471718843206761
0.0471514635834625
0.0470784484949254
0.0469534308891997
0.0467727814283212
0.0467623881029575
0.0467353843645615
0.0466451319977499
0.0465733050730362
0.0464723576425259
0.0464232463373073
0.046299772870747
0.0462315760554401
0.0461942972028862
0.0461514321362504
0.0460956931570999
0.0460361078213363
0.045909417648752
0.0458582663495879
0.0458032554512325
0.0457157215536802
0.0456102132231619
0.0455608450279231
0.0455239275321671
0.0454541746011295
0.0453251607375386
0.0452700982779306
0.0451766300614235
0.0451066111715075
0.0450902944737196
0.0450191705005248
0.0449193671769881
0.0448514588124075
0.0447866778872769
0.0447307683401175
0.0446415136635678
0.0445561171472606
0.0445301781596911
0.0444730131607131
0.0443692576510947
0.0443517486437545
0.0442887477217222
0.0442122450407397
0.0441754242916855
0.0440920949102564
0.0439948507959229
0.0439578791083547
0.0439007487059219
0.0438850807902024
0.0437740861129292
0.0437573073597668
0.0437105702290163
0.0436294686152263
0.0435867485044669
0.0435166115825974
0.0434593113011017
0.043391894453232
0.0433352986411105
0.0432679184335943
0.0432289908524234
0.0430876579851381
0.0430496770032984
0.0429703077302795
0.0428947557329173
0.0427973762205459
0.0427171592823358
0.0426640925597206
0.042503641526663
0.0424464684088602
0.0423877921372299
0.0423286177406878
0.0422889591049106
0.0421472170425005
0.042131307439063
0.0420467887706528
0.0419778114022862
0.0419546432249635
0.041823835063997
0.0418127595102318
0.0417592882093527
0.0416920687086197
0.0416283463848579
0.0415903344310628
0.0415011677517517
0.0414318834881028
0.0413883032429512
0.0413453417894212
0.0413005591402917
0.0412423385932628
0.0411959527341412
0.0410936356639996
0.0410109302368392
0.0409731314776598
0.0408682045605211
0.040788545921199
0.0407680051593379
0.0407419077661004
0.0406874435027016
0.0406510847347906
0.0405531729642428
0.0405360050718582
0.0404510272271351
0.0403636776942431
0.0403385637521414
0.0402463538446754
0.0402129962590192
0.0401562859859372
0.0401117747171602
0.040071359194756
0.0400162925537108
0.0398980026985664
0.0398619525588935
0.0398341137346092
0.0397800040833211
0.0397117327036131
0.0396255725121381
0.0396179416607563
0.0395653435691909
0.0394536726847041
0.039382871644138
0.0393549502370835
0.0392895224755221
0.0392511091259857
0.0391816877063716
0.0391732492182597
0.0391052134851285
0.0390317164976814
0.0390247801157561
0.0389751434290166
0.0389131879887644
0.0388532701515992
0.0387912468712078
0.0387351961613195
0.0386818983196543
0.0385912895612345
0.0385001003513458
0.0384831382310192
0.0384612040732589
0.0384320074335075
0.0383430379237745
0.0382390225496352
0.0382166253433267
0.0381806997495314
0.0381167196513287
0.0380841153476514
0.0379983886971825
0.0379300912307888
0.0379186182345854
0.0378097003180374
0.0377675560299863
0.0377476658687967
0.0376910120713142
0.0376542382417514
0.0375918076180342
0.0374752706207812
0.0374659915121742
0.0373850789720151
0.0373282238739719
0.0372955593071486
0.0372533043715057
0.037197836524451
0.0371428801198266
0.037040692562804
0.0370095507402423
0.0369567990163
0.0368527916213491
0.0367728444815825
0.0367276860188434
0.0366983552359389
0.0366252135422197
0.0365839625062119
0.0365012008530766
0.0364798799139413
0.0363923645880927
0.0363836420959739
0.0363412509004745
0.0363023810398448
0.0362421251572962
0.036148667321917
0.0361308819071519
0.0360816028152642
0.0360191326821102
0.0359659215399169
0.035917679662322
0.0358858193836465
0.0358577620384631
0.0358055625267069
0.0357471939919487
0.0356595563944415
0.035630712870381
0.0355628480600922
0.0355486814166034
0.0354545346845653
0.0354289583962474
0.0353545938677966
0.0353469207647669
0.0352416706922847
0.035220364506051
0.0351723888149764
0.0351042120721991
0.0350880255606332
0.0350293593380772
0.0349955987213244
0.0349078260623243
0.0348883409737879
0.03486745154003
0.0348203851611099
0.0347209853027649
0.0346903433462377
0.0346339862494712
0.034552001185439
0.0344665888029208
0.0344469186232059
0.034431321585429
0.0343922892722645
0.0343353580945
0.0342855484080413
0.03425772806161
0.0342099980258267
0.0341274896944185
0.0340599655985846
0.0340318986186326
0.0339570733709847
0.0339433996400583
0.0339010771700096
0.0338425176206572
0.0337587734156714
0.0337550803766625
0.0337211736612339
0.0336852734454063
0.0336056967907614
0.0335520186135119
0.0335050066474016
0.033469254154714
0.0334210528153891
0.0333820247800746
0.0333598791918617
0.0333386287575958
0.0332308809503253
0.033194073579422
0.0331545945029735
0.0331214861854509
0.0330809068725419
0.0329574871563338
0.0329384225399254
0.032918626933588
0.032868895003515
0.0327979932607736
0.0327596870643352
0.0327163025416708
0.0326530136834158
0.0326294154486761
0.0325652579852036
0.0325161270435617
0.0325059652321655
0.0324504326302588
0.032390569128041
0.0323689646498732
0.0323192586526495
0.0322845554290971
0.0322233554015692
0.0321934815694366
0.0321479627984732
0.0321012421194447
0.0320463802139823
0.0320283346657772
0.0319669323953889
0.0318673246692948
0.0318310839944765
0.0317871036821603
0.0317400947301513
0.0316902070660203
0.03164130243355
0.0315834411635347
0.0314720533108634
0.0314636962872795
0.0314065979660384
0.0314027464342991
0.0313112195628029
0.0312678218282254
0.0312357165373462
0.0312194752327738
0.0311832013168071
0.0311405503456653
0.0311264643402988
0.0310836789203399
0.0310666394630417
0.0309835061398346
0.0309435920687359
0.0308919082568661
0.0308337291731255
0.0307989649976107
0.030768524071603
0.030727975254796
0.0306985362563634
0.0306885005021945
0.0306078001650107
0.0305928785984448
0.0305480634747198
0.0304754511080861
0.0304140568262931
0.0303596994913389
0.0303220196023169
0.030279590510376
0.03020920680979
0.03019587408163
0.0301462059473593
0.0300964856458244
0.0300508079800543
0.0300302179386094
0.0299634313554317
0.0299153516735496
0.0298882269787136
0.0298154110879879
0.0297678095037531
0.0297435547460243
0.0297065370684285
0.0296553580665975
0.0296248272519761
0.0296137424785077
0.0295468702904424
0.0294892078020579
0.0294699406758461
0.0294389189054427
0.0293839310037516
0.0293554618621037
0.0293379999822477
0.0292708935231863
0.0292446164321567
0.0292086268779379
0.0291488839535384
0.0291300282139699
0.0290926693415622
0.0290359760908409
0.0290200535729802
0.0289688900052443
0.0289353899307679
0.0288591834491748
0.0288365619476516
0.0287838714615926
0.0287109231853683
0.0287007424109974
0.0286830079387053
0.0285899531289436
0.028548971105676
0.0284948686503437
0.0284915516006886
0.0284596665328428
0.0283488739799182
0.0282932728187549
0.0282694680827492
0.0282402392621641
0.0282165392124595
0.0281894121254033
0.0281689269408222
0.0281304964797021
0.0280932029282331
0.0280224348254039
0.0279739159762977
0.0279323796338689
0.0279043343101261
0.0278808329064486
0.0278202511027904
0.027811369415458
0.0277795571818118
0.0277362375026704
0.0277170988356159
0.0276842005019115
0.0276505029338452
0.0276061894286391
0.0274894222087117
0.0274601150040617
0.0274245410684991
0.027355009236227
0.0273299663155189
0.0273135129026764
0.0272464770697738
0.0272331448628792
0.0271959350379637
0.0271188568719667
0.0270611480967857
0.0270423681686371
0.0270135681808616
0.02701119628299
0.0269370598544593
0.0269133470825073
0.0268743839550765
0.026817384082853
0.0267940522731251
0.0267776436187658
0.026770194516384
0.0266620391672385
0.0266396272704283
0.0266060708770471
0.026551705377318
0.0264961565799082
0.0264803435072633
0.0264420319280113
0.0264288224781991
0.0263319737810632
0.0262993705542786
0.0262835376916945
0.0262343970671854
0.0261946709494007
0.0261535505294882
0.0261379697333453
0.0261077027780309
0.026043218104627
0.0259722509369711
0.025943215233367
0.0259050459067577
0.0258691208564086
0.0258457174919767
0.0258251599705521
0.0257535800313066
0.0257426025564941
0.0257001608455718
0.0256893672230428
0.0256388403403051
0.0256074350214852
0.025508300751508
0.0254944714997353
0.0254615224413193
0.0254289321956644
0.0254167301118206
0.0253595418720055
0.0253145442765783
0.0252950608666306
0.0252901689003408
0.0251831597294289
0.025161699709667
0.0251190408125926
0.0250973936291173
0.0250227397886448
0.0249925958139395
0.0248997536313359
0.0248834144260194
0.0248732433712784
0.0248150160138363
0.0247833581284532
0.0247777250776005
0.0247182838779573
0.0247024313574895
0.0246355846751522
0.0246151045134687
0.024582814101938
0.0245082030882851
0.0245023368288862
0.0244333233107534
0.024423308033528
0.0243868776619125
0.0243684886090321
0.0243472363733815
0.0243209412520125
0.0243088954585589
0.0242435209667277
0.024184562642874
0.0241658110227001
0.0241361738314686
0.0241093979639808
0.0240649957492292
0.0240266656906543
0.0239971330712662
0.0239580865768974
0.0239440844161372
0.023907703502372
0.0238623886002494
0.0237996764684986
0.0237916335947854
0.0237177968910162
0.0236545863073404
0.0236273796997987
0.0236175494304643
0.0235957775709923
0.0235643114701013
0.0235347457562832
0.0235046514621241
0.0234568364472375
0.0234124459193993
0.0233976302531917
0.0233868905597194
0.0233637828112301
0.0232744412000805
0.0232332448743336
0.0232134270896184
0.0231633494138683
0.0231227187297139
0.0231116187457392
0.023088274197468
0.0230659414947152
0.0230107150842105
0.0229724544267352
0.0229389890860271
0.0228728502103139
0.0228554136072922
0.022820534075063
0.0227917207769952
0.0227516347782285
0.0227078724918434
0.0226912220260582
0.0226222841966766
0.0226008304210135
0.0225689333649448
0.0225376146922086
0.0224878333021493
0.0224550280627894
0.0224439030104464
0.0224002483433284
0.0223930026875143
0.0223732462370925
0.0223213743901481
0.0222813886897964
0.0222308986668429
0.0222124902720774
0.0221579352718103
0.0221409553520364
0.022083111562682
0.0220518331765679
0.0220291724746542
0.0219881507537903
0.0219294729123768
0.0219031198833088
0.0218954709250939
0.021841388334529
0.0218043332660034
0.0217768681402737
0.0217472369804412
0.0217140609327545
0.0217051776896039
0.0216497666908747
0.021606956261798
0.0215801496237077
0.0215472629966903
0.0215240429524614
0.0215095805432431
0.0214696769662425
0.0214285751121288
0.0213995138805077
0.0213759781824745
0.0213442511163793
0.0213195324481106
0.0212845451658328
0.0212788120470768
0.0212172625434248
0.0212013793525973
0.0211301982403851
0.0211085374853298
0.021092182703053
0.021035002177625
0.0210099203247882
0.0209520631864964
0.0209448271682612
0.020903379972771
0.0208444040129346
0.0208134552325508
0.0207961702146599
0.0207555532245129
0.0207363050370271
0.0206994315363573
0.0206820312469255
0.0206182883429434
0.0205871951778473
0.0205098575016313
0.0204968345743772
0.0204750687632246
0.0204276880547153
0.0203932678470967
0.0203693843564903
0.0203599521752122
0.0203145690550421
0.0202703129123485
0.0202611411361326
0.0201845557386773
0.0201763357857336
0.0201543281490579
0.0201035649900818
0.020071995559406
0.0200698754653372
0.0200257660484312
0.0200075102982827
0.0199930965646297
0.0199210351539355
0.0199159035131627
0.0198507366495117
0.0198321155632183
0.0197514783298489
0.0197479124233978
0.0197394377184956
0.0197154341979718
0.0196826383401259
0.0196513101828552
0.0196272837354166
0.0195957323350068
0.0195580159184071
0.0195370986490452
0.019458333743628
0.019432988809818
0.0194095062459337
0.0193707351005777
0.0193641176147586
0.0193083117796128
0.0192746934601727
0.0192502811997022
0.0192053460002622
0.0191736381938801
0.0191572383460933
0.0190947004144752
0.0190742757939826
0.0190232285222762
0.0189888133784414
0.0189596459881448
0.0189494668692473
0.0189080044057654
0.0188826987494052
0.0188162722764098
0.0188018299061269
0.018779942079846
0.0187588970864292
0.0187365937477328
0.0186925379102605
0.0186230733189207
0.0186049316367738
0.0185914536632641
0.0185336036057401
0.0185212570038137
0.0185105027408472
0.0184785698143913
0.0184038456448367
0.0183835438239743
0.01833888614519
0.0183250432687819
0.0182808608745219
0.0182542240871997
0.0182361858047568
0.0182097819101651
0.0181706827567627
0.0181331577553055
0.0180818943556135
0.0180505050653708
0.0180144802417703
0.0179715729604762
0.0179348148796746
0.0179200461716583
0.0179027129801398
0.0178711466635264
0.0178525138878732
0.0178187063178993
0.0177745227286602
0.0177533139364966
0.0177234167448025
0.0176705466084222
0.0176472525620842
0.0176364180272409
0.0175539388717298
0.0175286634441603
0.0175088007402311
0.0174646785422475
0.0174363551277832
0.0174148725525154
0.0173767875595216
0.017368271698849
0.017321179613984
0.0172983904694862
0.0172459549420335
0.0172116427972759
0.0171773192767558
0.0171305398261354
0.0171019239995564
0.0170916991323599
0.0170666899998623
0.017031763692798
0.016985128706105
0.0169686930445361
0.0169396089253391
0.0169022859926787
0.0168662370617178
0.016840838087047
0.0168289136436177
0.0168034520020574
0.0167733820881737
0.016715281669489
0.0166758088315073
0.0166465078960983
0.0166278007663586
0.0165872112884361
0.0165807929869277
0.016524939359873
0.0165192289198014
0.0165001922977456
0.016441317491049
0.0163736561825231
0.0163574437719327
0.016322594803023
0.0163084240145877
0.0162696228240469
0.0162614631536097
0.0162280912481579
0.0161861616516297
0.0161561644998099
0.0160890337032917
0.0160733565202294
0.0160473243430545
0.016027932865978
0.0159770908308558
0.0159390699279508
0.0158877264344754
0.0158658407891902
0.0158255042584231
0.0158002343241797
0.0157614746630903
0.0157463675920847
0.0157283542734382
0.0157133200382829
0.0156675571649034
0.0156363793752746
0.0156170820960734
0.0155756312843339
0.0155189699368536
0.0154658092106167
0.0154586752191864
0.0154171283305283
0.0154105215669968
0.0153462762678944
0.0153194886452902
0.0152892331006236
0.0152371998927545
0.0152004152430593
0.0151896717214115
0.0151304205040367
0.0151195768615714
0.0150816560065358
0.015049672093201
0.0150399212420363
0.0149750330939065
0.0149563889618004
0.0149360162524958
0.0149172283273043
0.0148847546777726
0.0148394425315068
0.0147758871226828
0.0147292482804268
0.0147236222010393
0.0146826506843272
0.0146411202081297
0.0146087911772463
0.0145837966548965
0.0145444865981884
0.0145010931517773
0.0144859244993756
0.0144770227795179
0.0143702996863619
0.0143644363331752
0.0143247114112455
0.0143057221736202
0.0142632636133906
0.0142117613514976
0.0141912903477441
0.0141781835355991
0.0141252844373104
0.0141039886797428
0.0140680487091962
0.0140146716525944
0.0139686454598849
0.0139157955560981
0.0138782878736605
0.0138758936719185
0.0137861670571816
0.0137596308461722
0.0137432296074749
0.0136956452780244
0.0136841065383406
0.0136479239055543
0.0136048226197408
0.0135791124267456
0.0135278095988434
0.0135105720987358
0.0134847764535721
0.0134566649604847
0.0134279517249451
0.0134028337469181
0.0133560147595079
0.0133080543262538
0.0132682869000494
0.0132266710725478
0.0131874487001883
0.0131620245546363
0.0131445652491975
0.0130979270630873
0.0130647022775463
0.0129900296548703
0.0129721552346254
0.0129151614983927
0.0128806161442553
0.012867247034664
0.0128040234883275
0.0127714543319734
0.0127469139419894
0.0127416038810704
0.0127075565102794
0.0126790931495634
0.0126513089479888
0.0125925672400104
0.0125501963238458
0.0125025238084224
0.0124638979696293
0.0124473770961532
0.0123894228825493
0.0123771486455471
0.0123330305971178
0.0122683477959413
0.0122486948234463
0.0121531613723323
0.0121107621933907
0.0120986358908148
0.0120766584974895
0.0120385233560042
0.0120151197616335
0.0119967645618829
0.011985000910705
0.0119100468752898
0.0118720698376479
0.0118682953696487
0.0118289674918803
0.0117667065228316
0.0117082114394458
0.0116855553896438
0.0116400797368059
0.0116241293362053
0.0115892821012248
0.0115289233156161
0.0114873684101756
0.0114645936339169
0.0114073641397801
0.0113461371788162
0.0113417981568603
0.0112940495480752
0.011258514870572
0.0112244839784268
0.0111965295272392
0.0111235783411574
0.0110517709059022
0.0110422099650923
0.0109994677706341
0.0109691693486116
0.0109456613168948
0.0109077968414987
0.0108806117525586
0.010852376013127
0.0107771896744201
0.0107295733500134
0.0106987136245651
0.0106862631730906
0.010626512441207
0.0106077180160387
0.0105671546222458
0.0105270583794385
0.0105146725766566
0.0104379017659409
0.0104299855559213
0.0103850696355263
0.0103405340364708
0.0103114089154664
0.010266593986469
0.0102386349454231
0.0101818931573372
0.0101745074968361
0.0101364498814982
0.0100633540657093
0.0100010714739964
0.00996314999968012
0.00990554779041788
0.00988884825501537
0.00982724727633078
0.00981594867345012
0.00977121716460153
0.00973574937762218
0.00970640956193103
0.00964376028303815
0.00961693167084814
0.00954504497691705
0.00952759485238851
0.00949924661487127
0.00943095497398175
0.00937885349047143
0.0093570210446032
0.00933876071443244
0.0093151563111338
0.00929653003651462
0.00927019991474825
0.00924414477754987
0.00923751883410704
0.00913420789232717
0.00908363794657194
0.00907322724425504
0.00904472116292818
0.00899854662750697
0.0089658081688793
0.00892946354996369
0.00891055086226624
0.00885722087406474
0.00878818116883871
0.00876342871018222
0.00872614905842749
0.00871318771538929
0.00862740847349397
0.0086021420159509
0.00857310692301166
0.00855528037988058
0.0085341834788165
0.00849445719464279
0.00845589297164478
0.0084080178326539
0.00839236033755162
0.00836756660532936
0.00835108524578605
0.00831914081290373
0.00828885542422681
0.00826172575896208
0.0081969256454458
0.00817902333966878
0.00813123785393749
0.00810910716386699
0.00808107734935423
0.0080215557793759
0.00797317067025338
0.00794775532127477
0.00793670929057504
0.00791488681195009
0.00788126046378483
0.00784709416938006
0.00782935183283619
0.0077769673778286
0.00775904621102544
0.00771537299296744
0.00769076394699938
0.00763826341410916
0.00760410630437682
0.00757339491172545
0.00755222713122106
0.00751808830525634
0.00747993121734593
0.00742131271966319
0.00739477939868893
0.00738915823640548
0.00729576747480124
0.00726718946456937
0.00723567468290281
0.00722827709331402
0.0071983430703801
0.00717114442199576
0.0071451740391966
0.00710749414480099
0.00705874508189461
0.00704910853751656
0.00699486528377777
0.00698040296762142
0.00696237001675684
0.00693822842737824
0.00686757074353524
0.00685317072276311
0.00680962043545151
0.00675123471294362
0.00673155421474442
0.00671991707352043
0.00665822105530316
0.00662631592901109
0.00658624841930292
0.00657304246858914
0.00654477218855749
0.00653703341185649
0.00648177463889513
0.00641549541827382
0.006403211427892
0.00636022009196653
0.00635518674132625
0.00632054398543843
0.00630228267431103
0.00624948380564553
0.0062177907075022
0.00616370153214547
0.00614573642187737
0.00607444148130198
0.00606609884818208
0.00604658856258878
0.00602423888574377
0.00599606189895143
0.0059391192100222
0.00593636745802965
0.00591422689199978
0.00588452421853387
0.00586093842788108
0.00582863985850602
0.0057930752932841
0.00576321290801162
0.00569587957109105
0.00566088767478302
0.00564643630085495
0.00560508559383274
0.00558460500957872
0.0055750376154321
0.00556367408658301
0.00553242949185327
0.0055244642340614
0.00547156771289932
0.00541717130290817
0.00537859441909601
0.00535805128689533
0.00532627094309838
0.00530405650381671
0.00525117680327562
0.00523627879230916
0.00522048315763104
0.00515321813102222
0.00513314013019805
0.00511360607821349
0.00508564925805559
0.00506631274556571
0.00504015219594986
0.00499860585498425
0.00498259636696927
0.0049512096783331
0.00492713107351671
0.0049011318439652
0.00486719511785512
0.00486001741044229
0.00478685741271264
0.00476571514202542
0.00472917513146245
0.004707937251294
0.0046998887884826
0.00467130098119883
0.00464947189802033
0.00461554398629641
0.00459974969374491
0.004585902725459
0.00455782816101499
0.00452467985803812
0.00449599489345916
0.00446099281527487
0.00443822626841256
0.00442285220299367
0.0043895424554763
0.00435932844549563
0.00434569586189377
0.00432487911259722
0.00429972694431322
0.00428886207516212
0.00423288614754652
0.00422582889759053
0.00420641926143154
0.00419404470031257
0.00413261090145202
0.0041322234666217
0.00411410577743347
0.00410433862221554
0.00408461968471661
0.00405203950024307
0.00401615304688759
0.00400688954619843
0.00398087686970381
0.00396174201647435
0.00393759312736527
0.0039337373255694
0.00390972672326126
0.00387648795518559
0.00387335780193438
0.00383898599475828
0.00383638972009188
0.0037924163580186
0.00377112835957878
0.00373954645623591
0.00373208633677399
0.00370141001519303
0.00364448252920403
0.00360039103630664
0.00357965350763396
0.00357594106450603
0.00353806888808148
0.0035326972732452
0.00350472963413006
0.00348949041134443
0.00346530568355461
0.00345954957035334
0.00342844274137098
0.00341189470926831
0.00338019163102566
0.00335649480975804
0.00334062494618124
0.00332631447019544
0.00331798906413837
0.00327392802431427
0.00324721061047267
0.00323348530982196
0.00322172078632003
0.00319387315136491
0.00316959856699256
0.00314153321418175
0.00311858395478823
0.0030954486375575
0.00306543540325277
0.00304920406323225
0.00301691110713647
0.0029838909180015
0.00298144737258439
0.0029609773892408
0.00293881158427203
0.00291402460708717
0.00289096612402454
0.00285530431261803
0.0028311761229742
0.00281028355940974
0.00280208383661235
0.00277298571072213
0.00275890341738757
0.00273643368994065
0.00270670189490423
0.00268567373519114
0.00267367393377828
0.00266972250175926
0.00265110113964318
0.00263408574099904
0.00260762547767212
0.0025907387688766
0.00257434961475066
0.00256902258953242
0.00252580334674425
0.00251250668613658
0.00249689259467406
0.0024868895446204
0.00248277981656082
0.00246759905290792
0.00244798509393368
0.0024430545646523
0.00242927555101693
0.00239349180167055
0.00238160561583824
0.00236124397777602
0.00233899210096763
0.00233269440917888
0.00232118887457246
0.00230300223007615
0.00228713408551766
0.00226794504685533
0.00223192128511661
0.00221609685350466
0.00221124087953157
0.00219356632357453
0.00218850578831143
0.00216946927419777
0.00214994205796286
0.00212559047344111
0.00212020579632259
0.0021009422255388
0.00209449224345594
0.00208264027409957
0.00206606805677223
0.00205451671602037
0.00203803619166153
0.00202994069147311
0.00200952590934535
0.00200160128704033
0.00199273087336351
0.00197004153695524
0.0019657383127539
0.00194970841724992
0.00194349394811894
0.00192371589282987
0.00191749976640571
0.00189254446110054
0.00188237768456626
0.00187325700494986
0.00185685453645345
0.00184418305728705
0.00183990562613194
0.00181455616574698
0.00179844788279027
0.00177945979756319
0.00176990476251663
0.00175850645813871
0.00173971943993686
0.00173024297235963
0.0017064996213331
0.0016889415663342
0.00167435595993892
0.00166991007369075
0.00166263598523725
0.00165053804621427
0.0016334479707262
0.00162225483417896
0.00161105266338535
0.00160436695659801
0.00159179193336899
0.00157256498254932
0.00156380998957315
0.00155364251492287
0.00153969367644923
0.00153572159203675
0.00152830287186933
0.00151009363816609
0.00150495245429976
0.00149518797008525
0.00148770592536749
0.00148173535135505
0.00146863129366065
0.00145565891787936
0.00144372810253569
0.00143073785011553
0.00142172426844485
0.00139482796233367
0.00137794157167197
0.00137037743799081
0.00135934519765864
0.00134941776894228
0.00133797113451951
0.00132796655030488
0.00131777115146001
0.00129883939657518
0.00129192725244168
0.00128432851844958
0.00126776430823087
0.00124716772864078
0.00123831344572081
0.00122400023822198
0.00121965260821738
0.00121453726470161
0.00120893853068805
0.00119081186146472
0.00118206803355394
0.00117516477758305
0.00115560330858702
0.00114932291513529
0.00114021553152947
0.0011316985898468
0.0011242242576993
0.0011141048766862
0.00110858840283531
0.00109470041275573
0.00108284290411468
0.00107980097925138
0.00107331971565762
0.00105847228676092
0.00104922247901952
0.00102872048712047
0.00102086929497877
0.00101495030263731
0.00101079032430144
0.00100062190062941
0.000982118043933811
0.000981585561225943
0.000965954926474533
0.000960360431756267
0.000953202016471356
0.000938962816466248
0.000929341945108185
0.000925602365095179
0.00092245299073453
0.000904821302881337
0.000893897680963877
0.000883006563257139
0.000872654526401174
0.000871562204489351
0.000864620347794978
0.000851952725586318
0.000849067567441688
0.000843537586166729
0.000834805013018869
0.000822974380547122
0.000818894478425779
0.000814841397283557
0.000813546543962598
0.000801423567061426
0.000790794729146926
0.000788413131187698
0.000781036040825372
0.000779545971775289
0.000768461004849755
0.000763982291687574
0.000754770224360868
0.000751786644621595
0.000745561038230274
0.000737649310401957
0.000730951202329208
0.000722744616876857
0.000722202865720596
0.000715091495064958
0.000710788252379471
0.00070407780358105
0.000701201637525134
0.000694113797910323
0.000688364306136786
0.000681096320804273
0.00067150536756701
0.000668094449953332
0.00065953417636428
0.000654378168732594
0.000651457336754182
0.000645056749605287
0.000637287372622961
0.000633508909065652
0.000624074168557894
0.000619366155552327
0.000613691679213424
0.000611981394772557
0.000601027062175653
0.000596158030382573
0.000586341013930434
0.000583925424399646
0.000578288837906392
0.000567060880978999
0.000557755251287484
0.000551826976365343
0.000544275766400588
0.000542325453474185
0.000531527878835074
0.000528629021598785
0.000516417097818804
0.000511467913452296
0.00050895532982391
0.000498472622252938
0.000487761158771053
0.000485187699353851
0.000477162776877669
0.000470250767651883
0.00046643782096405
0.000465794718998868
0.000458206218144509
0.000457036876214449
0.000445933947696055
0.000444512722385957
0.000440909292244608
0.000435618904267713
0.000428894367642507
0.000425653914855928
0.000422936196447758
0.000418550534904397
0.000415450637423212
0.000414090584257918
0.000412696690080998
0.000408588401910244
0.000405649998409606
0.000403133899332918
0.000401179499312069
0.000399645383958371
0.000396228859831938
0.000394385930415661
0.000391834272253438
0.000390842975115738
0.000388182224928077
0.0003846083906511
0.000381489636722454
0.000379784957186462
0.000377000343960541
0.000375354922084766
0.000371772242220202
0.00036904202247304
0.000365452884842046
0.000361842653736362
0.000358402792285626
0.000357126554958925
0.00035436541776755
0.000352633886673434
0.00034702176346662
0.000342560707158244
0.000340114704201376
0.0003366239689893
0.000331868584286201
0.000328852071079214
0.000325843382717921
0.000322527544794991
0.000320671676868173
0.000314588701789066
0.000310389617215413
0.000307304705263363
0.000305909544970952
0.000299085211044196
0.000296653597747942
0.000292052042286304
0.000286145639403032
0.000283508335567644
0.00027834319167284
0.000277107132423507
0.000273036705990651
0.000269360814835889
0.000267210377741819
0.000260947809229054
0.000260620638026367
0.000258436207354971
0.000256054992141583
0.000252079992562581
0.000249133719597579
0.000244833600864478
0.000242307379153494
0.00023887934827476
0.000236644111572384
0.000230633353094956
0.000223951722482542
0.000220848063723627
0.000219354736818131
0.000215908204513449
0.000208203522782361
0.000206562852308937
0.000200011716793466
0.000199009855893658
0.000198612472271394
0.000197182855355354
0.000189331470703032
0.000185673367792652
0.000180648181376984
0.000179130238153298
0.000175509551682236
0.000172169338976825
0.000169544108280937
0.000163256524462329
0.000162864738921674
0.00015952827022803
0.000152599541902005
0.000150309709319219
0.000146952946801596
0.000144039216187166
0.000141268386146057
0.000136703876368269
0.000130550932758152
0.000124699260616403
0.000119431322884773
0.000117292046016571
0.000116799553627459
0.0001146382487188
0.000108608589377142
0.000105703194811207
0.000105337414661407
0.000101191321893894
0.000100181547931875
9.36900850447363e-05
8.85753822993429e-05
8.55107388220963e-05
8.27538494313375e-05
7.94031968291572e-05
7.59582325061785e-05
7.18755304037523e-05
6.87340668415293e-05
6.70087753427677e-05
6.25914927546251e-05
6.16722466120395e-05
5.95805496176314e-05
5.77599623406394e-05
5.60795083026459e-05
5.16817249863075e-05
4.97214022198764e-05
4.89967035285369e-05
4.59965976274302e-05
4.45839103566667e-05
4.04960088067386e-05
3.84977078195435e-05
3.76522315972171e-05
3.4999221079822e-05
3.43967840908297e-05
3.29104848623104e-05
2.77233140628864e-05
2.60217283164846e-05
2.58726694954141e-05
2.30214705640525e-05
2.13626956760473e-05
2.00206987987277e-05
1.88189163883904e-05
1.70946198415335e-05
1.55592982965644e-05
1.48718454271952e-05
1.37444334578357e-05
1.27777539765721e-05
1.22729033096009e-05
1.13072196773997e-05
1.01749460948195e-05
8.62925580116908e-06
7.99278103845859e-06
6.83086039682789e-06
5.80481714278086e-06
4.69843735090638e-06
4.41676334478339e-06
4.29432237035333e-06
4.04469782638655e-06
3.78419841467736e-06
3.14339524735524e-06
2.5586165638385e-06
2.25868074860595e-06
2.1671082643574e-06
2.07683534897537e-06
1.90254419313367e-06
1.66310770142039e-06
1.49580455620174e-06
1.42733991493462e-06
1.33544455029771e-06
1.27865093331129e-06
1.12014145846125e-06
1.01908815756522e-06
9.60584563729155e-07
9.16569929330948e-07
8.00949878502455e-07
7.03172351643142e-07
6.72039493702926e-07
5.60112364501153e-07
3.97510087167267e-07
3.51425031980197e-07
3.15792166281052e-07
2.80500325228573e-07
2.33211813591053e-07
2.16996199057386e-07
2.02166416155586e-07
1.70589852044489e-07
1.46027508741882e-07
1.29180146054357e-07
1.1761971800104e-07
1.13278378198616e-07
1.05623323407653e-07
1.02779713729404e-07
9.83849105489857e-08
9.00701213014939e-08
8.49415403474783e-08
7.64958472755174e-08
7.09105842186882e-08
6.86483057748195e-08
6.06369245245615e-08
5.63062342806348e-08
5.44237217332493e-08
4.90269958463903e-08
4.38785512887475e-08
4.26425014627422e-08
4.07057483851473e-08
3.76349340337755e-08
3.69644427863469e-08
3.16039730950268e-08
3.14999030185424e-08
2.90329953803904e-08
2.81871863302954e-08
2.64537295785267e-08
2.33082496806993e-08
2.28196652226031e-08
2.01854413414418e-08
1.95609932194387e-08
1.87173117917997e-08
1.83143779636508e-08
1.58571354803278e-08
1.46685558365949e-08
1.4173147535418e-08
1.35227294131763e-08
1.21449206574382e-08
1.11236117852005e-08
1.07654462156035e-08
1.06718178286503e-08
1.0380604279486e-08
9.70197828024126e-09
9.17457930876678e-09
8.82635292812488e-09
8.6095098253911e-09
7.88920022420928e-09
7.67491562577922e-09
7.21984928435825e-09
6.84988741246812e-09
6.70880910338765e-09
6.30772690333275e-09
6.12206303404105e-09
5.56488162826388e-09
5.34131835836121e-09
5.04736240569468e-09
4.98987425541788e-09
4.82158347115685e-09
4.67749618793893e-09
4.30972066905653e-09
4.21006179738156e-09
4.00297836371247e-09
3.91797342176107e-09
3.79270282141621e-09
3.7120217997219e-09
3.61666758613343e-09
3.406686084491e-09
3.20910506394891e-09
3.14619230140745e-09
3.04398795984987e-09
2.95611223394342e-09
2.77949245863509e-09
2.70384519411388e-09
2.58080344328591e-09
2.41522597518044e-09
2.29126660649883e-09
2.22276124633467e-09
2.10073283746314e-09
1.97380904868321e-09
1.85532269154186e-09
1.76202647158468e-09
1.66216799576122e-09
1.61851521287162e-09
1.59073161998045e-09
1.51302186506335e-09
1.36997393747808e-09
1.33752831300791e-09
1.26868001842871e-09
1.18293601787041e-09
1.12485189219511e-09
1.0962728824471e-09
1.05249539133072e-09
9.42096193664282e-10
9.0402720598164e-10
7.96396166479466e-10
7.71513106668951e-10
7.41432805472224e-10
6.85041634963959e-10
6.72523493776583e-10
6.39612015209993e-10
6.068092486704e-10
5.93906968470735e-10
5.27718354756163e-10
4.81115914769069e-10
4.3830599209037e-10
4.22310329848871e-10
3.7866204175698e-10
3.46732464006216e-10
3.10550957123457e-10
2.90617103488109e-10
2.77242010399448e-10
2.38031735771574e-10
2.27280922229117e-10
2.04473487000996e-10
1.9431146973642e-10
1.5725493387648e-10
1.48833785394373e-10
1.2043956457992e-10
1.0824544832893e-10
8.764604285255e-11
7.72358227466293e-11
6.84090202915353e-11
5.94479756661031e-11
5.03105996745213e-11
4.23705614104161e-11
3.09874552524729e-11
2.24815000668983e-11
1.51176802756464e-11
1.02742764251488e-11
4.04554908499111e-12
