x
11.06406745626
6.42624794752801
6.27659783968558
4.52961106864178
4.48333086262518
4.01116472435908
3.57267828069518
3.1861348752829
3.06774994100662
2.80187739311944
2.54367257124336
2.46741976116108
2.31273906189129
2.23929977149116
2.16353921469012
2.07932439248258
1.92913012463085
1.84137855246906
1.77434758161267
1.72570064520688
1.70125462512119
1.63216854426408
1.60905186542003
1.58957974879652
1.56557824997627
1.50543935468313
1.47541166223275
1.43872171079431
1.41336625515844
1.38083632037081
1.37032165186193
1.34807735013666
1.31656847489856
1.30072953520513
1.26439221330171
1.25144915286385
1.22228282212705
1.21590138746932
1.20321713128011
1.17305293280447
1.16817045480378
1.14664670975947
1.12237944658676
1.10653493327846
1.08942446086575
1.08409546778736
1.0728315348776
1.06223630175641
1.05825719700484
1.04236545701907
1.03538947597881
1.02875854875285
1.01978365287384
1.00745387468945
0.99450295546915
0.96548673261563
0.963660816720568
0.953449938118146
0.94003975482681
0.933570377725845
0.922726763552583
0.917840521819694
0.906545087097805
0.896599014763941
0.893958189194071
0.886856748834739
0.875721836494912
0.86831533452457
0.865114324865504
0.858039466343263
0.853934065059224
0.849034278035309
0.842427847294013
0.835835766424009
0.834430306159356
0.820274514177094
0.811739449215849
0.809088814697454
0.801807581486204
0.790458013136003
0.785383368610577
0.780411127599248
0.776182590655642
0.761684792579532
0.756333435253897
0.749784381797516
0.742323311258426
0.739408449126611
0.735426631605114
0.733524977831803
0.723612798996502
0.715007283405978
0.711782285294535
0.709600413956222
0.698832869370722
0.693236688348396
0.686253217315051
0.683828399638761
0.679353414827733
0.673376481638891
0.671347430256901
0.660994777278545
0.657079273761937
0.651696505109808
0.645849024416562
0.640021948186331
0.636100431823437
0.632987662350944
0.628890514806673
0.622651822869989
0.619884732719269
0.616612582414549
0.613789628803625
0.611111714117684
0.608656054812497
0.600407751775163
0.59535320474047
0.591100091158331
0.584035452435906
0.580360983101697
0.576886891184775
0.569583702344974
0.565112732741442
0.561048259563621
0.558680039382289
0.550961370604168
0.54894666190681
0.546245611895595
0.539272839609755
0.53790168151441
0.534011606956648
0.533684622030987
0.528685702633686
0.526605094174203
0.517754372165488
0.517081956593391
0.514366797159838
0.512257321821891
0.506042976210448
0.503165027079586
0.500393882795956
0.498119319100358
0.493775140456344
0.490792037855517
0.486696077553406
0.486409592956059
0.477546677845919
0.476556707001833
0.473497530384381
0.469647503191572
0.466234211952244
0.46572615865294
0.461549414266139
0.458899437901977
0.455825684178882
0.453139012047425
0.447959390212414
0.446915033475246
0.442641665755874
0.44046224364412
0.436077706189125
0.434678543272135
0.430785946136777
0.429011563073686
0.42437283255244
0.419678173695626
0.418034176611465
0.414074768801074
0.411891919506804
0.410646609453381
0.407733017434281
0.403682245479477
0.402712244269572
0.398798371833368
0.396327505086822
0.393158599725548
0.391977881181918
0.391540089639519
0.387548041691034
0.385427610185904
0.382338216775538
0.380027787217606
0.379100831177828
0.377182357858586
0.374756919758804
0.370560125528645
0.368820572905803
0.367649679763068
0.366065984043058
0.36328891076425
0.360777979429051
0.360377470719064
0.357741424943891
0.354418879287561
0.354158136234937
0.350941472745927
0.348806984068337
0.347165926578594
0.345807548595394
0.343056298657142
0.342029103996166
0.340156372014012
0.339109209799302
0.337087391766563
0.334150045848391
0.331560924732228
0.330015631048099
0.327761306270061
0.325734520779106
0.32435184212156
0.322642503642301
0.321790741842136
0.319048750393176
0.318030139759566
0.317843998333282
0.315932226586247
0.314466657558729
0.311388171194745
0.309702370949381
0.30778128206634
0.306631503003386
0.303642137932857
0.302236401013732
0.300823035893261
0.299288342474006
0.298112308329423
0.297256231035104
0.294869429248375
0.293516463769922
0.292177538540931
0.290702938675051
0.288582773754791
0.28661613925841
0.285802674343674
0.284703398093616
0.282945899552935
0.28115893718382
0.279829449223096
0.278819735392889
0.277489849549155
0.275456806412698
0.274637312516857
0.27200053569647
0.270131695704972
0.269242542700416
0.268811726164072
0.26735715330643
0.26492555801329
0.262713879282598
0.261832847273574
0.261238492307553
0.258657795302169
0.25689845613931
0.255914791497939
0.255498411788007
0.254771760167534
0.253741317577967
0.251757976896117
0.2510323029258
0.250384061075833
0.248819108918729
0.246791902083927
0.24592910704185
0.244821896092113
0.243269104119235
0.242915159121097
0.241491729766089
0.241436451821105
0.239990692214671
0.238850536568704
0.237844256726798
0.236934307996419
0.236041214516552
0.234242656877362
0.233233682327542
0.231932618687109
0.230871463156289
0.229876268487724
0.229372392188471
0.228884548760043
0.227303348435252
0.22602488959835
0.225273696983087
0.224817851308591
0.223316931869456
0.222081626077148
0.221604929714936
0.220374550937869
0.219435407941355
0.217948481729312
0.216479895001917
0.216165760730417
0.216120072524297
0.214213864016282
0.213138780251636
0.212038255352117
0.211527131153604
0.20960136505444
0.209370467775659
0.208494050664285
0.207855262596081
0.206491229080147
0.206041842720771
0.205110236709685
0.204293137829172
0.203332654555875
0.202543685261291
0.202211777129153
0.201254469955354
0.200970131203652
0.20033204404099
0.198611407932155
0.19821690492672
0.196957891682652
0.195478328395799
0.194999114930549
0.19473878055084
0.19355327008711
0.19311896555198
0.192008097224045
0.191538659673792
0.19098808031689
0.189945188371519
0.188840328718051
0.187490065090975
0.187129801920895
0.185564269936034
0.185308052433055
0.18436479515424
0.184032231294415
0.183487674643667
0.183180856504764
0.182309351391183
0.181308741408274
0.180636174584437
0.180389432869264
0.179972867387866
0.179348159297713
0.178883933997208
0.177732548271682
0.177465019444196
0.176887319495549
0.176043533069197
0.175789276425694
0.175608830769421
0.174978679471287
0.173527023889288
0.172834163975398
0.172527809874
0.171637800480708
0.171181216129109
0.170501086678047
0.169952217257938
0.169167967208196
0.168208609088501
0.167781483103224
0.167614094926232
0.167172404730272
0.166623451901649
0.166250217547611
0.16580689782776
0.164961155389763
0.16424286295096
0.163320584587622
0.162215536671553
0.161557414280521
0.161253570853987
0.160827508565155
0.160555824031939
0.159939857495746
0.159552912209269
0.158907308026979
0.15870187314671
0.157978874848988
0.157639658247507
0.156936463039655
0.156465744736232
0.155702599928831
0.155107240037032
0.154853305246678
0.15437628519234
0.153798482962307
0.152950250351776
0.152501206198198
0.152186527672612
0.151401850010513
0.15099166670375
0.150593767779784
0.150259075644077
0.149617203156282
0.149397562160634
0.148942859766025
0.148346239771656
0.147831270824752
0.147578172876084
0.147248404079738
0.146877778669052
0.146142085721277
0.145522083088531
0.145223948043747
0.144648819578255
0.144199131699559
0.143049518584956
0.142916709534718
0.142097203355358
0.141785915467057
0.141475032702109
0.141065025706684
0.140646752070255
0.140511883922456
0.140076990793457
0.139592749987297
0.139156656091566
0.138606938636996
0.138499473116727
0.138010536595561
0.137768852224922
0.137143062407173
0.136614334804597
0.13588749634986
0.135657785752836
0.135605989624194
0.135358773308943
0.135015653157469
0.134448912156252
0.133961870040622
0.133664778724919
0.132932152059468
0.132760782930576
0.132143418373286
0.131825151796813
0.131613776416548
0.131231953509393
0.131081322610912
0.13046068252778
0.130106506135747
0.129927255273128
0.129763437190299
0.129400750387297
0.128801955178664
0.12807836305832
0.127799736054761
0.127487984303876
0.127027382994814
0.126832189530363
0.12672517430801
0.126025500982731
0.125728248590804
0.125433974154504
0.124880868446894
0.124817779187171
0.124467305987754
0.124194209804895
0.123675798243079
0.123393599446526
0.123058821656535
0.122600172169173
0.122464356921275
0.122165299716321
0.121873816491865
0.121535990998113
0.121192616350319
0.120446784939512
0.120197739089548
0.120123406838154
0.119522078833273
0.119001370849045
0.118910038765551
0.118520926474575
0.117893543299475
0.117668956276555
0.117371180740796
0.117331153991165
0.117193404817512
0.117084387389122
0.116274773963706
0.116185029705267
0.115752390936578
0.115539397439167
0.115292139487353
0.11508550724921
0.114889882921248
0.114630169583599
0.114302151581316
0.11373228479825
0.113565063697823
0.113355503851342
0.112968768961221
0.112806597219428
0.112495424271357
0.112358218302994
0.112108442126659
0.111749829223747
0.111630954637808
0.111429445338435
0.111014404457776
0.110700131300551
0.110370921561308
0.110114385466872
0.109896262934921
0.109770488137015
0.109359288623634
0.10893922391867
0.108755655082357
0.108567987750628
0.108197749165956
0.108166677934893
0.107910721797307
0.107433705364217
0.107076084532775
0.106646021409279
0.106303159277397
0.106090930454919
0.105807068957212
0.105604291534192
0.105378443355924
0.105124240022397
0.104739825163727
0.104583787801531
0.104502118296963
0.104297221501107
0.104033426956529
0.103721661516332
0.10360741312115
0.103192349366168
0.103015532964261
0.102822689976763
0.102583439409776
0.102166858205811
0.102002432122994
0.101779807192294
0.101691831444362
0.101368464608639
0.101223497617135
0.101061020120967
0.100830391511108
0.100511094306015
0.100127906136905
0.0999822628103602
0.0996316094530767
0.0991336447776748
0.0990457570186379
0.0987025989504651
0.0985487080394484
0.0985083655933797
0.0984342943014574
0.0980290286427001
0.0978511172720808
0.0975813885562378
0.0973563078349819
0.0972838647031833
0.0971645208236367
0.0967759078546282
0.0964872591315043
0.0963925341883792
0.0960777351030267
0.095872220707628
0.095757881777719
0.0955128200705199
0.0954551990742452
0.0953059977502548
0.0949176954426802
0.0947886317258366
0.0944815317554609
0.0944279960638204
0.0943950718396225
0.0940054041407544
0.0936610110904324
0.0935711417964791
0.0934238913166904
0.0931697909978715
0.0929302494295643
0.0926886256236125
0.0924861592988245
0.0924001805352052
0.092303382457128
0.0921290777681328
0.0918955414071194
0.0916609779976925
0.0915049961189164
0.0913975228866882
0.0910759249372423
0.0909806152290086
0.0908851507710895
0.0905635723932362
0.0902486291637319
0.0901040281196808
0.0899132393922407
0.0898436783127226
0.0897405358580105
0.0892221174451796
0.0891476583521576
0.0889052905562526
0.0884682080355638
0.0883483225484806
0.0880536815254368
0.0878732867743235
0.0878122793721567
0.0877064977556776
0.0875499121649699
0.0874937538602458
0.0872793580297751
0.0870853406328314
0.0869648895110295
0.0866779604324309
0.0865368249871857
0.0864289822876766
0.0863249255283132
0.0858904441725801
0.0856908463527595
0.0856614300126527
0.0853368349144982
0.0852476165357247
0.0849753706156203
0.0848379240206994
0.0846626000991886
0.0845820908192724
0.084362939653436
0.0841430147961557
0.084039230305158
0.0838299898076636
0.0837715455063579
0.08353466996898
0.0833809122493114
0.0832289418580551
0.083021172023484
0.0829324024809675
0.0828118157743546
0.0826765025574618
0.0825612436913256
0.0823994678043498
0.082223830185199
0.0821652295552829
0.0819820581609587
0.0818943385205431
0.0817323667270716
0.0815914324634573
0.0812779167225749
0.0811927065192641
0.0810298761674852
0.08088662839188
0.0806435422501216
0.080437837481745
0.0803585074654285
0.0802793833156671
0.080184345855526
0.0799867735202015
0.0798827755743479
0.0798048870813695
0.0796602908893963
0.0794972284529211
0.0791702820364597
0.0790469442195301
0.0789976487098023
0.0787535780965438
0.0785097622376609
0.0783480818624823
0.0781587128012914
0.0781332537091915
0.077934455337052
0.0778226673114778
0.0776872567687826
0.0774616112937021
0.0774010093751402
0.0772947576685712
0.0770587457437392
0.0769944679396366
0.0768309635901478
0.0766955080588427
0.0765591890617512
0.0763877672653385
0.0763229762523039
0.0761216621088248
0.0760440641786301
0.0759075171669401
0.0757518958865844
0.0755577937743982
0.0754640524647478
0.0754127605081105
0.0752738156942438
0.07515922397768
0.0750274154524636
0.0749516002658028
0.0748593490257938
0.0746118050377585
0.0744762572237984
0.074332196311956
0.0741419724029426
0.0739783470112457
0.0738240564943984
0.0737405780777926
0.0736205101609654
0.0735619965691495
0.0733955819543512
0.0732962188908706
0.0732217211559721
0.0731374305411239
0.0729461443757201
0.072762650118657
0.0725996568087072
0.0725498484929279
0.0725292329185905
0.0724476623062806
0.0720901167763776
0.0719039747195457
0.0717729036141768
0.0716664376941211
0.0714751928436216
0.0714200336909705
0.0712749361880892
0.0712244435475924
0.0710735399052108
0.0710062069258242
0.0707622819396803
0.0706894447728382
0.070535208488818
0.0704246861386323
0.0702568621384824
0.0702252315214477
0.0700961311937578
0.0700437651274037
0.0698755424451324
0.0697650746434352
0.0697351258235826
0.0695226015714446
0.0693498910043332
0.0692688005404073
0.0692021452899484
0.0690763932128835
0.0689318971565639
0.0687944178736743
0.0686405824202397
0.0685378852636195
0.0682851679635333
0.0682578831731816
0.0681850970500177
0.0680779540622567
0.0679469146547922
0.0678389314566496
0.0676672883030395
0.0676113587133969
0.0675783024538208
0.0674600539471028
0.0672685595353093
0.0671522482839579
0.0670382139084298
0.0669544099422991
0.0668951095408608
0.0667368392027845
0.066652233880107
0.0665385611082111
0.0663110059228172
0.0662567603938903
0.0661843357549485
0.06598417027153
0.0659635654941508
0.0658922595562381
0.0657154744523905
0.0656098150501957
0.0654631895083672
0.0652624303121517
0.0652199367397438
0.0651856002667577
0.0651229864932563
0.0649635271429362
0.0649479187722647
0.0648098044357059
0.0647422506164456
0.0645360463960722
0.0644489216405049
0.0643456554825865
0.0643275207896964
0.0640810365615476
0.0640152811417013
0.0639278372452281
0.063747887847265
0.0637082703652448
0.0636683779420545
0.063547294133782
0.0634545690591454
0.0634079904237072
0.0632329405303333
0.0631267101321772
0.0629439029973865
0.0628557916751525
0.0627951651282935
0.062653464190216
0.0625848162802857
0.06241507721178
0.0623972062737221
0.0623022458197308
0.0622580592153962
0.062083115002553
0.0620108443210962
0.0619240768259368
0.0618596792253958
0.0618252966737802
0.0616089216180821
0.0615769602539048
0.0614802464658118
0.0614337861689159
0.0613352645582877
0.0611801471125912
0.0610958956458279
0.0610145967642667
0.0608175479760234
0.0607246697963791
0.060567250728488
0.0604848019365827
0.060389549682431
0.0602568736097554
0.0600650522260912
0.0600604139148948
0.0599989094612249
0.0598887773600982
0.0598219414996649
0.0597164481595015
0.0596698083693123
0.0594574878931888
0.059417350054581
0.0593704812171722
0.0593452293614589
0.0592089764611528
0.0591460163882155
0.0589767512691843
0.0589634967312358
0.0588887273355667
0.0588130192708955
0.0586655955657221
0.0585426844295224
0.0584284831613023
0.0583703886038594
0.0582690711402753
0.0581674342644892
0.0581000469364856
0.058018047364256
0.0579887759142575
0.0578780280033719
0.0578403486379139
0.0577037855912438
0.0575936757518109
0.0575197492721321
0.0573891567457966
0.0572335766052382
0.0570843513337764
0.0570104000349781
0.056931954707439
0.0569050150303865
0.0568711484561386
0.0567159445383695
0.0565814390132246
0.0564768219182561
0.0564212501910798
0.0563066724576553
0.0561260852676314
0.0560300206167911
0.0559388180262815
0.0558792882984124
0.0557822540563066
0.0557269927185831
0.0556436907791444
0.0556042525676426
0.0555643695550791
0.0554617954533393
0.0554218280242687
0.0552818246831075
0.0551879144915028
0.0551253836906715
0.0550592561681742
0.0549902781125485
0.0549355246898614
0.0547766696451046
0.0546932999558362
0.0546576736796441
0.0545452198949126
0.0544857990340039
0.054304338303512
0.054273913359239
0.0542325109774744
0.0541892765209845
0.054020512704768
0.053990510557399
0.0538551708326281
0.0537526596200653
0.0537214615133209
0.0536040619830847
0.0535225359381546
0.0534682200853229
0.0534464513829474
0.0533901455812114
0.0532502577837293
0.0531397916703109
0.0530757324812108
0.0529768851279214
0.052913870436211
0.0528414880849526
0.0527735499052919
0.0527398683658274
0.0525978829988074
0.0525822806100846
0.0524879294213626
0.052334179338403
0.0523247229069286
0.0522604254189538
0.0521493529986487
0.0520738046628344
0.052036101799195
0.051871680892432
0.0518133495934222
0.0517648517673977
0.0516681965512161
0.0515767299185592
0.0515600531639039
0.0514410077065853
0.0514011550555421
0.0513202141414687
0.0511639801939655
0.0510687655391178
0.0510345043111403
0.0509267507784708
0.0509001528241686
0.0508377225339101
0.0507913400876853
0.0507262866164488
0.0507050088665801
0.0506034412644662
0.050472388403838
0.0504314977463666
0.0503789001412704
0.0502303968258022
0.0501920138043732
0.0501509625339714
0.0500497558658319
0.049978581078055
0.0499164818941013
0.0497585464120425
0.0497293536588212
0.0495787473474368
0.0495513508840972
0.0494758810927935
0.0494308414822124
0.0493584163771998
0.0492581385319182
0.0491829834457708
0.0490918754277144
0.0490312626753133
0.0489776626206256
0.0488584433432091
0.0487517697684464
0.0486949808960723
0.0486364365673151
0.0484909783635381
0.0484224281267916
0.0484148391944818
0.0483766963182164
0.0483157245773601
0.04821341275834
0.0481581604075374
0.04807628580964
0.0479838074316789
0.0479394657138355
0.047883040071656
0.0477839396180691
0.0477696052721461
0.0476452383676187
0.0475288218837659
0.0474317363220295
0.047388695385292
0.0473457328301431
0.0472962077304161
0.0472129978032722
0.0471332100003009
0.0470958941682509
0.0470609392544374
0.0469293688384076
0.0469125397137831
0.0468808687071682
0.0467883616673811
0.0467336775062374
0.046620390375777
0.0465656051293969
0.0465035069328087
0.0463506862047121
0.0462928158668931
0.0462660429916668
0.0461948898979685
0.0461182328362752
0.0460826433228716
0.0459911685935158
0.0458688284324051
0.0458314791080509
0.045793172829013
0.0457011798754914
0.0456563416392862
0.0456268568284642
0.0455563767720208
0.0454941321886351
0.0453894373593914
0.0453676137408133
0.0453417496346322
0.0452718125288134
0.0451601034211421
0.0450194081318529
0.0449786193385534
0.0449092210296485
0.0448586732353274
0.0448255854506173
0.0447451677752037
0.0446763575607006
0.0446133275897914
0.0444787991068565
0.0444229206297805
0.0443462270655078
0.0442591832902094
0.044190060367693
0.0441558850002172
0.0441069973368542
0.0440542672012706
0.0439933164111794
0.0439594098719658
0.0438630881814293
0.043757394129851
0.0436990766063716
0.043659157970672
0.0435736866079979
0.0435469515437931
0.0434527371284568
0.043397160141462
0.0432947068750809
0.043214018747301
0.0431757230435411
0.0431178530974626
0.0430515079572525
0.0429558462172192
0.0429208203244213
0.0428414122465162
0.0427622971777526
0.0427038356472067
0.0426425138177584
0.0425823529670701
0.0425485611312558
0.0424862988092171
0.042430067762659
0.0423882290672609
0.0422441114497418
0.042210613450748
0.0421328258186575
0.042120139763493
0.041994664804328
0.0419714997809951
0.0418724237680802
0.0418471557247362
0.0418282944537622
0.0417250197422648
0.0416807040057253
0.0415915147075086
0.0415537876508426
0.0414746334455285
0.0413997955848679
0.0413568258268147
0.0413230308357265
0.0413003325156523
0.0412067734581057
0.04105938350627
0.0410306827684985
0.0409985112488803
0.0409230623720841
0.0408009859236909
0.0406749687109198
0.0406382015772074
0.0405933552482345
0.0405579854646577
0.0404596227770619
0.0404518775185842
0.0404107790326522
0.0403572472239327
0.0403306422557403
0.0402572269274363
0.0401505418236279
0.0400803279052954
0.0400569535167316
0.0400075085605015
0.0399417041816147
0.039892547339578
0.0398195913830394
0.0397339992140705
0.0396697405317159
0.0396022497570296
0.0395704953757177
0.0395257205201548
0.0393803019549727
0.0393463693050596
0.0393217021261466
0.0392412669393673
0.0391876136380574
0.039120593453176
0.0391008582759705
0.0390252538011638
0.0389947278318638
0.0389412599233045
0.0388961241978914
0.0388527693363361
0.0387533219209281
0.0387334749170539
0.0386840989114072
0.0385900215371633
0.038578899787623
0.0384661965348391
0.0384394528707598
0.0383832819406209
0.0383479176898738
0.0383212053945325
0.0382824810956519
0.038218114473134
0.0381505737265644
0.0380907824955574
0.0379917162453115
0.0379557129177645
0.0378354927158944
0.0378330401584236
0.0377177607316762
0.0376969785191917
0.0375763505219145
0.0375591738109046
0.0375333603239257
0.0374475750692172
0.0373785960156257
0.0373562571762963
0.0373380985062388
0.0373073806545681
0.0372248191426838
0.0371610942690235
0.0371196170836281
0.0370509454118988
0.0370022719920041
0.0368525253903864
0.0368144181162773
0.0367410223871576
0.0366537685436938
0.0366153915564924
0.0366093401601196
0.0365259636580317
0.0364679306427926
0.0364268732623613
0.0364032243203843
0.0363612423995981
0.0362542670353862
0.0361913138810076
0.0361540039884615
0.0361050130470961
0.0360704413612827
0.0360170490939554
0.0359726852251262
0.0359379079071047
0.035858657283872
0.0357940258889862
0.0357212926427725
0.0357077485181077
0.0355817337258505
0.035546831205189
0.0355015866780824
0.0354504570164288
0.0354298671210403
0.0353055069665444
0.0352592592363316
0.0352422672424521
0.0351472235098463
0.0351080582807605
0.0350472012187145
0.0349427219816762
0.0349065487907098
0.0348480613721191
0.0348218054521996
0.0347698010151235
0.0347094819731284
0.0347075324832923
0.0346333255273933
0.0345528026881024
0.0344846894664934
0.0344319237901942
0.0343717260073587
0.0343082651565138
0.0342981863128098
0.034201720009536
0.0341841814278801
0.0340839883375917
0.034052108835835
0.0340164225798378
0.0339135123398066
0.0338806843187564
0.0338538478638956
0.0338144012386476
0.0336936561499912
0.0336499065986203
0.0336131631095149
0.03358572651182
0.033514607626526
0.0334601960196493
0.0334438148443259
0.0333758914881163
0.0332902730783053
0.0332474103332196
0.033157269315269
0.0331081367877846
0.0329800853900963
0.0329525534797682
0.0329096875511216
0.0328576195995447
0.032822670112552
0.0327808135275942
0.0327713247654965
0.0326754779553687
0.0326228290955138
0.0326038641847464
0.0325089054191895
0.0324681097754968
0.0324515729312442
0.032416339609261
0.0323188332131427
0.032276118244774
0.0322209676247937
0.0322041521333746
0.0321383595571719
0.0321181195534321
0.0321001280868298
0.0320610325321414
0.0319916067473593
0.0319759263737721
0.031888215588931
0.0318574483865401
0.03181882667537
0.0317988301300895
0.0317108547223285
0.0316688089902734
0.0316391781487602
0.0315594853853744
0.0314558606208508
0.0314067196273049
0.0313716173239364
0.0313294138164646
0.0312456167291636
0.0312193265774733
0.0312002411875741
0.031138038146182
0.0311167580949603
0.0310791120676042
0.0310334357260185
0.0309476592018496
0.0309105609996393
0.0308269576532319
0.0308089825146456
0.0307592330448597
0.0307354860970164
0.0306889944124441
0.030634550966396
0.0305998700071874
0.030514217640105
0.0304725926051279
0.030404231801279
0.0303484131464743
0.0303253885610405
0.0302989716161884
0.0302394782214683
0.0301534073476957
0.030089342861399
0.0300696365731678
0.0299954689691268
0.0299572564664953
0.0299166535682107
0.0298784466441312
0.0298075489115265
0.0297352823098764
0.0296914091246364
0.0296715047977678
0.0296110660791193
0.0295673151944932
0.0295341263610962
0.0294760294774141
0.0293768554455426
0.0293092171000009
0.0292722534432728
0.0292365106254119
0.0292058930014168
0.029159372947536
0.0291109552469482
0.0291007568644825
0.0290578324589765
0.0289935634583947
0.0289434011878703
0.0288581456243884
0.0288455663089403
0.0287987037774336
0.0287353274052342
0.0287224239174662
0.028636676952437
0.0285696589931048
0.0284965090288836
0.0284693290292792
0.0284674555671949
0.0283770361664679
0.0283481053307381
0.0282962022969222
0.0282600994272857
0.0282241667984895
0.0281379343522703
0.0281034971501253
0.0280842792007495
0.0280445293999982
0.0280191835587817
0.0278836002107172
0.02786006812567
0.0278259385578991
0.0277879059461814
0.0277157564210677
0.0276843421671649
0.0275985423077113
0.0275531148663997
0.0275032201218402
0.0274763009590787
0.0273847584844152
0.0273538577599263
0.0273208548758108
0.0272992073712161
0.0272447268489471
0.0272020024998829
0.0271640158960813
0.027122636509166
0.0270091786259034
0.0269829044739518
0.0269544048989975
0.0269056461275638
0.0268755565628764
0.0268394749415688
0.0268167506535388
0.0267601104300102
0.0266991274057817
0.0266440083584548
0.0266163664766356
0.0265516263494402
0.0264730401484096
0.0264515822173255
0.026427528524039
0.0263372797372072
0.0262833983827812
0.0262669154773403
0.0262260536946768
0.0261807011284482
0.026137711123181
0.0260629323307948
0.0259806669300337
0.0259207126725869
0.0258593981444986
0.0258382911019089
0.0257992270679474
0.0257544599459049
0.0257306185019803
0.0256249399931222
0.025575501688396
0.0255693291066076
0.025507858522974
0.0254701212278755
0.025448267877916
0.0253835501454039
0.0253295315212435
0.0253175484819469
0.0252426251469672
0.0252114628664487
0.0251683245566217
0.0251395468926477
0.0251026735204755
0.0250468423675783
0.0249571876199534
0.0249516681939998
0.0249304546314991
0.0248888579451051
0.0247996813034311
0.0247532019896035
0.0247254583790207
0.0246714218960132
0.0246317670912537
0.02456283762224
0.0245081307140061
0.024475651474241
0.0244322017942214
0.0244083098151843
0.0243257870559988
0.0242664781560827
0.0242127853840957
0.0241599240840506
0.0241099310586488
0.0240856386601675
0.02405532062493
0.0239596223544372
0.0239377106001716
0.0239050890834053
0.0238617357182719
0.0237868594638073
0.0236822892743447
0.0236363847348412
0.0236179252745747
0.0235748310886313
0.0235668819169435
0.0234841876010871
0.023437839443529
0.0234064999793135
0.023388439001967
0.0233575854200648
0.0233097921598959
0.0232237504972644
0.0231964172606868
0.0231575409602605
0.0230877069455523
0.0230541905063134
0.0229994475376117
0.0229540311524886
0.0229395452489985
0.022917695608576
0.0227965464146012
0.0227396037450613
0.022713494923769
0.0226503278945847
0.0225993282555337
0.0225622206266915
0.0225555993877123
0.0225069892738993
0.0224934388868313
0.0224396239496861
0.0223872324477993
0.0223134899627251
0.0222351979907121
0.0222239478874998
0.0221883168972576
0.0221597143818192
0.0221088646869397
0.0220795583548551
0.0220475656374974
0.0219418319028196
0.0219054856823372
0.021835786698128
0.0218044237911059
0.0217594560323966
0.021703755429183
0.0215991373346676
0.0215764024170336
0.021527321859929
0.0214783230827363
0.0214594602335685
0.0213905572759098
0.0213119423732535
0.0212259617698545
0.0211968937452721
0.0211904118522235
0.0211365767216244
0.021105918751614
0.0210303434520228
0.0209952697228443
0.0209079814152134
0.0208940660230225
0.0208047815994063
0.0207523450292967
0.0206866472003915
0.0206611302475092
0.0206103462005506
0.0205399361720704
0.0205185315239382
0.0204755711729302
0.0203884040183286
0.0203599286619991
0.0203490009786132
0.0202634085644381
0.0201927732471425
0.020171155974642
0.0201048976122702
0.0200696645062758
0.0200557358096162
0.0199681178038331
0.0199496626869004
0.0199109663173274
0.0198261115914512
0.0197921700061024
0.0197667052274174
0.0197268347868006
0.0196216768439492
0.0195277691918091
0.0195098307187371
0.019476086554521
0.0193411933848851
0.0193323436209224
0.0192658695509452
0.0191896198990987
0.0191477037802497
0.0191049585541701
0.0190856618247134
0.0189964623408549
0.0189683983092617
0.0188944347608887
0.0188369162501933
0.0187732758496869
0.0186855074764854
0.0186671099407632
0.0186165323185267
0.0185837122387161
0.0184885319153957
0.0184355956881062
0.0183818394734065
0.0183004874303089
0.018268982212392
0.0182213791874139
0.0181927897234262
0.0181478992803687
0.0180856824122577
0.0179755392235441
0.0179573009150159
0.0178424982346543
0.01780636881701
0.0177413286918344
0.0176711441312023
0.0176170371460821
0.0175375868576476
0.0175102641584389
0.0174092784707693
0.0173568260066357
0.0173043520837397
0.0172786784950214
0.017241650415933
0.0171761536694922
0.0170992718489475
0.0170561179173255
0.0169910397608613
0.0169688690031326
0.0168856678636644
0.0168138069492294
0.0166883565684781
0.016640436373943
0.0165524660608748
0.0165214446808878
0.016440744847886
0.0164240436553878
0.0163668395118952
0.016341617919553
0.0163336271720075
0.0162412774693562
0.0161582407461775
0.0160893369185381
0.0160256882328211
0.0159774872697528
0.0158629526657589
0.0158429696290606
0.015768486481262
0.0157108076578838
0.0156807025611294
0.0155944645043997
0.0155421037831789
0.0155026015485944
0.0153806245106604
0.0152693685804226
0.0152302926041626
0.0151741389780297
0.0151682831677129
0.0150559938067992
0.0149587353308983
0.0149472363061424
0.0148261738897129
0.0147446053581075
0.0147191097720282
0.0146101840538954
0.0145402966089402
0.014489615030036
0.0143886301164591
0.0143683302076038
0.014212026771298
0.014203406333276
0.0141161848725153
0.0140746594774394
0.0140015000513153
0.0139521634909727
0.0138521151560637
0.0137587779184707
0.0136971524056179
0.0136294650957206
0.0135856260861555
0.0135410800936159
0.0134766424890658
0.0134254281018975
0.0133107247220114
0.0132539545925478
0.0131541911150498
0.013064152220165
0.0130445615507706
0.0129869077487094
0.0128957946548806
0.0127641061514799
0.0127004466487984
0.0126737031283878
0.0126188935630314
0.0125507908133265
0.0124516584957447
0.0123654035148949
0.0123563925044346
0.012227212408648
0.0121725169444784
0.0121011304453111
0.0120217751798592
0.0119857090014538
0.0119233425280088
0.0117592807017913
0.0116903132667061
0.011650052121974
0.0116126237586084
0.0115437156747799
0.0114927902505395
0.0114295752526167
0.0113642200884466
0.0113061940499169
0.0112394603921126
0.011178447278644
0.0110714702366633
0.0110060569534172
0.0109622804475047
0.0109432219016381
0.0108302992716613
0.0107673685851395
0.0107152770289091
0.0106766448332536
0.0106308301293337
0.0105715267332667
0.0104750766329927
0.0103700552884108
0.0103374941601578
0.010258480814867
0.0101622789897244
0.0101158339721272
0.010106847516489
0.0100093174240174
0.00993211138599478
0.00987929878741355
0.00985585217139059
0.0097997248718236
0.00970303956459675
0.00965778435130725
0.00959756405621936
0.0094508598887097
0.00940507096316582
0.00934259465704945
0.00927956201261548
0.00920705049870194
0.0091611925533833
0.00909945525527671
0.00906711558421724
0.00896123150600597
0.00892068247623204
0.00882988782700036
0.00875999694786521
0.00856792658512826
0.00855271206422698
0.0084851431497463
0.00847364218254894
0.0083437805930035
0.00826891240773322
0.00824562870379621
0.00816520726951978
0.00807628753746289
0.00801290969074717
0.00793256057886425
0.0078892618326466
0.00787340489337479
0.00778947144478711
0.00776402684578018
0.0077370527066609
0.00766218597396264
0.00754990904261962
0.007440216233929
0.00740395858238676
0.00735761710190913
0.00729185705585023
0.0072339316082087
0.00713144885700029
0.00707949486545831
0.00703339106511084
0.00697265882962263
0.00692526100486011
0.00688763621320539
0.00683813085673975
0.00667023437661399
0.00663062621474285
0.00655899406371524
0.00645710558270505
0.00643475713317173
0.00640362413419697
0.00638367019302321
0.00625128248660405
0.0062379528161526
0.00618995596766441
0.00604426118772109
0.00598509012635951
0.00595710952230192
0.00593779965112228
0.0059092190890659
0.00581323751637096
0.00578370884709225
0.00565761182506138
0.00560532444279965
0.00557248329359283
0.00550697605325519
0.00546119383472096
0.00539354060854209
0.00537121049991482
0.00529301003515523
0.0052889742800666
0.00521658605069176
0.00506712031612985
0.00503335570499628
0.00499355620773605
0.00491879676400943
0.00486599957675987
0.00470228604726382
0.00468360108905599
0.00458546166465946
0.00452457962159549
0.00447751292640876
0.00444687411925647
0.00437217049596955
0.00430795802302112
0.00423866306209399
0.00419155840477451
0.00407401893871811
0.0040453756528032
0.00389114437689102
0.00382864696889008
0.0037375169503523
0.00373638114235148
0.00360745198182328
0.00352017765626251
0.00347962137056136
0.003445382595578
0.00341019856269613
0.00338173719897349
0.00332554396406146
0.00332077626363381
0.00328965179447493
0.00325269275061214
0.00321880261449264
0.00320067573253192
0.0031169131332675
0.00303954560015867
0.00298183148110229
0.00292099262999669
0.00288192525218004
0.00284725171878999
0.00275297931228558
0.00274288262527484
0.00266186959878645
0.00263629560025166
0.00258683247375504
0.00255082983904604
0.00250891640658883
0.00245257039859047
0.00242052319183172
0.00235661954598945
0.0023471593091402
0.00226043850416094
0.00222507267468124
0.00218082204784214
0.00215075467910673
0.00199036333924421
0.0019768779255355
0.00192888754955082
0.00191494807184302
0.00186276789627058
0.00183239360871625
0.00182647883659715
0.0017588789898985
0.0016912746661827
0.00165778277814729
0.00163345895243872
0.00158165328410314
0.0015367304360528
0.00145790780652761
0.00140395697256228
0.00138439855783842
0.00134758150851916
0.00133844304127383
0.00130690003936702
0.00126734793914538
0.0012557975827219
0.00121826815638964
0.00119608074196243
0.00118262151352732
0.00116249177985111
0.00110131153853773
0.00107924740372015
0.00107170213777335
0.00102823546485528
0.000988582780587838
0.000965007608654395
0.000950958065489825
0.000880831619211017
0.000868080439759121
0.00083304159332172
0.000786977670721679
0.000729222331312097
0.000721051580473969
0.000703670480747793
0.000676151531745006
0.000624417667680441
0.000610110601904513
0.000592547208571641
0.000566152053352548
0.000565705896748282
0.000535422243444292
0.000525507801101007
0.000517790575340609
0.000506533457522991
0.000504828323812997
0.000478614258211424
0.000475515994026098
0.000457621664966834
0.00044484340591517
0.000404173552298124
0.000367093846730325
0.000334900860222541
0.000328010014852187
0.000325528768537971
0.0003065097921564
0.000271035506212933
0.000221978641360387
0.000173028249949398
0.000169887072387065
0.000155540978477937
0.000139495229348816
0.000128499790697621
0.000117734923404142
0.000108316376221475
9.17527546020561e-05
8.31680213987239e-05
5.51319943697453e-05
1.1036383896908e-05
7.42731237327331e-06
3.11689531286748e-06
2.42374232337571e-06
5.3519366012218e-07
3.97187664212202e-07
2.03752009012321e-07
2.51372662594432e-08
9.23849475836685e-09
