"S.DRC"	"S.Gambia"	"S.Kenya"	"S.Myanmar"	"position"
NA	NA	NA	NA	5001.5
NA	NA	NA	NA	7501.5
NA	NA	NA	NA	10001.5
NA	NA	NA	NA	12501.5
NA	NA	NA	NA	15001.5
NA	NA	NA	NA	17501.5
NA	NA	NA	NA	20001.5
NA	NA	NA	NA	22501.5
NA	NA	NA	NA	25001.5
NA	NA	NA	NA	27501.5
NA	NA	NA	NA	30001.5
NA	NA	NA	NA	32501.5
NA	NA	NA	NA	35001.5
NA	NA	NA	NA	37501.5
NA	NA	NA	NA	40001.5
NA	NA	NA	NA	42501.5
NA	NA	NA	NA	45001.5
NA	NA	NA	NA	47501.5
NA	NA	NA	NA	50001.5
NA	NA	NA	NA	52501.5
NA	NA	NA	NA	55001.5
NA	NA	NA	NA	57501.5
NA	NA	NA	NA	60001.5
NA	NA	NA	NA	62501.5
NA	NA	NA	NA	65001.5
NA	NA	NA	NA	67501.5
NA	NA	NA	NA	70001.5
NA	NA	NA	NA	72501.5
NA	NA	NA	NA	75001.5
NA	NA	NA	NA	77501.5
NA	NA	NA	NA	80001.5
NA	NA	NA	NA	82501.5
NA	NA	NA	NA	85001.5
NA	NA	NA	NA	87501.5
NA	NA	NA	NA	90001.5
NA	NA	NA	NA	92501.5
NA	NA	NA	NA	95001.5
NA	NA	NA	NA	97501.5
NA	NA	NA	NA	100001.5
NA	NA	NA	NA	102501.5
NA	NA	NA	NA	105001.5
38	25	24	8	107501.5
91	61	55	24	110001.5
137	99	89	31	112501.5
165	116	101	40	115001.5
173	124	111	41	117501.5
149	117	107	36	120001.5
142	98	93	39	122501.5
141	99	100	37	125001.5
139	98	96	35	127501.5
132	98	84	30	130001.5
120	95	76	27	132501.5
127	103	83	34	135001.5
103	85	63	33	137501.5
118	84	74	39	140001.5
135	93	89	35	142501.5
143	90	86	27	145001.5
183	108	119	34	147501.5
190	114	117	33	150001.5
192	121	112	36	152501.5
171	112	103	34	155001.5
132	98	75	25	157501.5
108	83	63	22	160001.5
106	74	52	21	162501.5
129	74	74	24	165001.5
161	78	96	24	167501.5
182	87	106	22	170001.5
183	87	132	23	172501.5
175	93	112	24	175001.5
141	96	94	33	177501.5
136	94	95	34	180001.5
122	91	75	37	182501.5
96	83	66	34	185001.5
101	78	70	25	187501.5
112	80	65	23	190001.5
95	74	60	21	192501.5
127	87	85	27	195001.5
138	95	81	32	197501.5
132	90	88	34	200001.5
131	97	87	28	202501.5
119	100	69	25	205001.5
115	99	69	24	207501.5
85	93	49	18	210001.5
103	93	56	21	212501.5
121	100	58	21	215001.5
114	89	52	15	217501.5
136	99	65	17	220001.5
115	85	53	17	222501.5
112	97	61	12	225001.5
118	98	70	15	227501.5
120	92	70	19	230001.5
135	98	82	19	232501.5
114	74	75	20	235001.5
134	88	83	24	237501.5
119	75	72	23	240001.5
107	79	61	21	242501.5
118	73	64	24	245001.5
96	60	51	26	247501.5
119	82	70	26	250001.5
132	90	78	31	252501.5
122	80	65	28	255001.5
128	82	67	26	257501.5
126	74	56	28	260001.5
126	68	63	29	262501.5
130	83	82	30	265001.5
136	87	91	26	267501.5
140	88	92	25	270001.5
157	93	98	23	272501.5
177	97	94	27	275001.5
188	99	84	34	277501.5
181	102	91	32	280001.5
195	112	90	31	282501.5
172	109	90	25	285001.5
147	105	84	19	287501.5
143	97	83	15	290001.5
118	78	73	19	292501.5
126	88	74	18	295001.5
146	90	91	22	297501.5
138	82	85	31	300001.5
150	94	94	36	302501.5
153	83	95	44	305001.5
125	67	74	38	307501.5
107	65	68	29	310001.5
77	52	49	17	312501.5
68	53	37	16	315001.5
84	64	47	17	317501.5
106	81	53	21	320001.5
120	82	58	22	322501.5
129	78	72	22	325001.5
144	87	81	31	327501.5
156	87	84	36	330001.5
152	97	84	37	332501.5
125	88	67	31	335001.5
90	76	55	17	337501.5
77	76	53	11	340001.5
89	73	57	17	342501.5
118	88	76	26	345001.5
127	106	80	32	347501.5
155	109	100	39	350001.5
173	120	119	35	352501.5
166	112	102	27	355001.5
177	103	102	28	357501.5
146	84	81	21	360001.5
118	69	61	23	362501.5
120	76	67	30	365001.5
105	65	57	26	367501.5
106	81	59	33	370001.5
107	79	63	29	372501.5
111	74	60	24	375001.5
140	77	85	26	377501.5
137	80	86	21	380001.5
159	96	96	26	382501.5
154	110	108	26	385001.5
130	109	94	24	387501.5
132	103	92	19	390001.5
104	89	78	12	392501.5
92	74	64	9	395001.5
107	84	68	8	397501.5
115	88	72	11	400001.5
127	94	85	19	402501.5
140	110	94	35	405001.5
130	103	88	39	407501.5
116	86	79	37	410001.5
117	84	67	36	412501.5
111	72	61	30	415001.5
106	80	62	31	417501.5
117	96	67	35	420001.5
106	95	62	37	422501.5
103	87	63	32	425001.5
114	82	62	25	427501.5
125	81	64	27	430001.5
134	83	66	29	432501.5
141	86	69	24	435001.5
156	97	83	29	437501.5
136	88	76	26	440001.5
133	82	75	17	442501.5
144	93	79	23	445001.5
125	81	65	29	447501.5
153	95	78	35	450001.5
149	101	81	36	452501.5
137	97	76	34	455001.5
132	98	66	27	457501.5
135	108	67	21	460001.5
155	115	86	24	462501.5
180	126	98	21	465001.5
189	122	111	26	467501.5
197	114	118	28	470001.5
186	123	106	27	472501.5
171	113	112	30	475001.5
172	119	113	25	477501.5
183	119	114	25	480001.5
189	94	115	26	482501.5
182	93	97	23	485001.5
164	89	89	24	487501.5
163	93	84	21	490001.5
192	114	97	17	492501.5
221	132	121	19	495001.5
267	174	147	22	497501.5
259	182	158	35	500001.5
242	197	161	40	502501.5
230	190	148	41	505001.5
189	141	115	35	507501.5
142	115	82	20	510001.5
113	79	59	19	512501.5
84	66	43	22	515001.5
96	71	53	30	517501.5
103	65	60	32	520001.5
123	80	72	30	522501.5
145	81	76	29	525001.5
136	88	70	23	527501.5
144	96	68	24	530001.5
136	86	62	22	532501.5
121	76	66	18	535001.5
120	71	69	16	537501.5
116	80	75	14	540001.5
92	75	65	14	542501.5
100	87	73	18	545001.5
123	88	88	26	547501.5
125	77	90	26	550001.5
145	90	99	33	552501.5
143	89	94	33	555001.5
131	102	86	32	557501.5
146	115	95	39	560001.5
161	117	100	34	562501.5
159	119	94	32	565001.5
150	111	95	30	567501.5
157	109	101	24	570001.5
140	101	98	25	572501.5
138	113	103	30	575001.5
135	108	95	30	577501.5
124	105	76	31	580001.5
114	101	63	26	582501.5
124	87	58	25	585001.5
118	82	50	22	587501.5
94	75	45	22	590001.5
104	78	54	32	592501.5
79	65	44	25	595001.5
77	63	54	27	597501.5
114	68	75	28	600001.5
122	68	69	18	602501.5
160	85	86	19	605001.5
188	91	90	23	607501.5
157	83	78	24	610001.5
144	84	76	25	612501.5
111	73	65	30	615001.5
91	78	59	28	617501.5
85	72	55	25	620001.5
89	68	57	29	622501.5
107	68	62	24	625001.5
120	73	69	32	627501.5
115	75	60	29	630001.5
101	72	59	33	632501.5
90	72	65	37	635001.5
66	50	52	21	637501.5
87	63	57	22	640001.5
112	75	62	16	642501.5
122	83	57	12	645001.5
146	101	67	21	647501.5
135	95	78	25	650001.5
139	93	84	25	652501.5
151	108	84	28	655001.5
141	96	76	25	657501.5
156	103	71	26	660001.5
145	95	66	27	662501.5
126	83	68	27	665001.5
113	81	65	23	667501.5
101	65	57	19	670001.5
99	82	63	21	672501.5
89	69	53	16	675001.5
135	86	76	21	677501.5
140	107	84	25	680001.5
124	92	71	22	682501.5
127	97	81	28	685001.5
106	95	74	30	687501.5
92	74	68	28	690001.5
109	85	82	33	692501.5
110	81	78	27	695001.5
82	70	63	22	697501.5
95	80	68	21	700001.5
91	66	59	18	702501.5
99	72	56	20	705001.5
128	78	63	21	707501.5
125	81	59	20	710001.5
139	91	54	20	712501.5
130	86	50	22	715001.5
107	79	44	24	717501.5
102	70	42	25	720001.5
81	61	41	25	722501.5
80	62	46	21	725001.5
101	68	55	16	727501.5
113	75	67	24	730001.5
108	75	66	24	732501.5
103	72	67	25	735001.5
94	77	68	31	737501.5
85	78	62	26	740001.5
87	79	64	21	742501.5
102	85	62	22	745001.5
122	80	65	21	747501.5
131	85	64	21	750001.5
121	80	59	21	752501.5
114	75	49	20	755001.5
100	72	49	21	757501.5
81	60	42	18	760001.5
98	66	45	20	762501.5
98	67	65	22	765001.5
87	69	65	19	767501.5
124	81	77	18	770001.5
143	86	86	17	772501.5
161	93	82	19	775001.5
195	104	82	18	777501.5
171	99	76	26	780001.5
158	95	77	28	782501.5
132	89	73	23	785001.5
97	76	71	25	787501.5
88	74	66	20	790001.5
97	85	69	20	792501.5
108	91	67	23	795001.5
105	92	57	21	797501.5
116	92	69	24	800001.5
104	77	60	28	802501.5
105	71	70	26	805001.5
109	70	70	23	807501.5
108	80	62	18	810001.5
96	85	58	14	812501.5
81	81	39	14	815001.5
80	87	47	20	817501.5
91	74	54	28	820001.5
110	70	68	31	822501.5
146	86	83	34	825001.5
152	83	89	28	827501.5
132	72	72	17	830001.5
134	73	64	15	832501.5
116	65	66	12	835001.5
113	56	60	15	837501.5
135	70	75	21	840001.5
122	68	75	21	842501.5
109	55	62	20	845001.5
108	66	58	23	847501.5
103	64	50	21	850001.5
119	71	57	24	852501.5
125	84	67	32	855001.5
134	84	75	32	857501.5
124	105	81	28	860001.5
117	101	75	26	862501.5
125	98	71	22	865001.5
113	93	60	19	867501.5
143	79	72	24	870001.5
137	76	68	23	872501.5
145	73	75	24	875001.5
159	74	85	24	877501.5
142	71	79	25	880001.5
145	74	78	25	882501.5
131	83	72	21	885001.5
125	76	67	21	887501.5
114	73	63	27	890001.5
119	70	72	30	892501.5
129	75	74	31	895001.5
131	86	78	35	897501.5
124	84	80	28	900001.5
103	79	68	20	902501.5
68	56	55	18	905001.5
68	60	57	17	907501.5
77	68	55	18	910001.5
111	77	63	24	912501.5
146	89	74	31	915001.5
137	73	60	30	917501.5
128	63	51	26	920001.5
99	60	46	24	922501.5
78	61	50	16	925001.5
68	66	52	16	927501.5
63	60	51	19	930001.5
68	62	54	25	932501.5
86	62	47	30	935001.5
117	82	63	30	937501.5
124	91	69	30	940001.5
122	96	66	24	942501.5
100	84	57	24	945001.5
83	70	53	23	947501.5
111	88	74	26	950001.5
122	91	82	27	952501.5
149	106	91	33	955001.5
148	96	84	34	957501.5
125	79	59	29	960001.5
117	68	51	25	962501.5
104	76	61	21	965001.5
115	92	62	22	967501.5
107	93	65	19	970001.5
107	93	70	23	972501.5
103	75	53	19	975001.5
82	61	42	17	977501.5
94	60	42	20	980001.5
110	76	53	22	982501.5
128	97	78	28	985001.5
141	107	93	27	987501.5
131	104	97	32	990001.5
119	91	88	35	992501.5
115	68	74	33	995001.5
110	64	68	30	997501.5
104	66	65	23	1000001.5
98	66	64	24	1002501.5
92	77	65	22	1005001.5
96	79	71	27	1007501.5
115	84	72	29	1010001.5
133	94	80	23	1012501.5
131	92	83	27	1015001.5
153	105	92	32	1017501.5
136	96	94	38	1020001.5
116	86	84	38	1022501.5
129	87	80	32	1025001.5
100	67	64	26	1027501.5
112	75	61	22	1030001.5
119	76	54	22	1032501.5
118	83	58	30	1035001.5
137	93	64	32	1037501.5
134	89	72	33	1040001.5
129	86	81	28	1042501.5
107	80	69	19	1045001.5
134	84	80	18	1047501.5
129	91	84	15	1050001.5
124	86	84	16	1052501.5
118	70	89	13	1055001.5
65	58	73	15	1057501.5
64	49	63	13	1060001.5
67	58	55	15	1062501.5
73	68	58	20	1065001.5
65	67	52	14	1067501.5
63	72	48	17	1070001.5
68	67	54	18	1072501.5
76	75	51	15	1075001.5
102	76	69	20	1077501.5
115	83	74	26	1080001.5
102	77	70	25	1082501.5
124	90	79	31	1085001.5
129	100	77	32	1087501.5
131	91	74	25	1090001.5
146	109	81	25	1092501.5
114	84	64	22	1095001.5
134	86	63	20	1097501.5
123	82	64	24	1100001.5
121	74	63	33	1102501.5
136	85	83	31	1105001.5
112	71	71	31	1107501.5
121	71	75	34	1110001.5
123	65	76	22	1112501.5
114	63	60	22	1115001.5
106	75	62	24	1117501.5
93	70	51	18	1120001.5
94	80	50	24	1122501.5
104	83	56	34	1125001.5
101	75	65	35	1127501.5
144	105	94	43	1130001.5
165	117	100	43	1132501.5
167	115	102	33	1135001.5
173	113	103	32	1137501.5
137	95	90	30	1140001.5
124	82	87	30	1142501.5
133	84	99	30	1145001.5
131	78	89	26	1147501.5
142	75	87	19	1150001.5
127	68	79	20	1152501.5
113	69	62	26	1155001.5
121	85	71	25	1157501.5
111	81	63	26	1160001.5
119	84	66	23	1162501.5
109	75	66	16	1165001.5
99	62	53	16	1167501.5
114	69	60	16	1170001.5
122	79	70	18	1172501.5
136	86	81	19	1175001.5
143	96	89	22	1177501.5
151	97	92	26	1180001.5
133	79	80	23	1182501.5
127	79	66	26	1185001.5
155	81	71	30	1187501.5
148	88	77	27	1190001.5
179	107	87	37	1192501.5
178	112	96	34	1195001.5
148	105	94	32	1197501.5
144	108	81	32	1200001.5
140	116	85	26	1202501.5
160	132	98	30	1205001.5
161	131	90	27	1207501.5
144	110	81	26	1210001.5
129	86	74	22	1212501.5
117	65	54	26	1215001.5
134	76	57	34	1217501.5
146	97	70	36	1220001.5
148	104	62	39	1222501.5
155	107	71	31	1225001.5
149	101	80	23	1227501.5
140	91	74	20	1230001.5
137	93	86	17	1232501.5
99	79	75	17	1235001.5
97	72	64	19	1237501.5
107	78	69	31	1240001.5
117	81	63	35	1242501.5
139	96	68	37	1245001.5
116	92	72	34	1247501.5
102	76	63	24	1250001.5
97	71	57	23	1252501.5
104	66	58	22	1255001.5
138	81	57	27	1257501.5
180	112	79	29	1260001.5
196	122	95	27	1262501.5
191	123	89	31	1265001.5
176	117	92	28	1267501.5
150	98	75	28	1270001.5
139	92	68	30	1272501.5
170	102	85	29	1275001.5
177	118	91	33	1277501.5
193	124	109	36	1280001.5
188	123	106	35	1282501.5
146	102	91	31	1285001.5
123	86	76	32	1287501.5
125	97	83	47	1290001.5
117	104	86	53	1292501.5
135	117	94	55	1295001.5
136	109	98	47	1297501.5
103	92	76	25	1300001.5
106	82	78	23	1302501.5
85	70	66	23	1305001.5
102	72	75	23	1307501.5
110	72	74	25	1310001.5
134	75	73	22	1312501.5
152	83	80	20	1315001.5
150	91	80	29	1317501.5
160	85	80	25	1320001.5
156	87	86	26	1322501.5
178	105	109	29	1325001.5
197	121	118	22	1327501.5
205	129	122	26	1330001.5
221	153	140	29	1332501.5
229	151	139	27	1335001.5
209	129	129	32	1337501.5
194	139	127	30	1340001.5
162	123	106	28	1342501.5
135	124	94	32	1345001.5
157	141	107	23	1347501.5
173	138	115	24	1350001.5
186	143	117	21	1352501.5
175	125	108	21	1355001.5
150	110	90	26	1357501.5
139	99	78	28	1360001.5
112	79	69	24	1362501.5
109	72	67	22	1365001.5
121	83	70	20	1367501.5
107	86	70	18	1370001.5
108	84	69	22	1372501.5
117	91	71	22	1375001.5
102	78	69	22	1377501.5
107	76	75	22	1380001.5
114	82	69	18	1382501.5
119	92	72	15	1385001.5
127	125	75	24	1387501.5
154	131	72	27	1390001.5
155	127	79	32	1392501.5
152	124	83	34	1395001.5
127	87	68	26	1397501.5
102	80	71	26	1400001.5
145	109	91	30	1402501.5
155	115	94	25	1405001.5
196	134	113	30	1407501.5
209	144	118	28	1410001.5
189	128	101	25	1412501.5
181	123	100	30	1415001.5
154	110	95	23	1417501.5
136	99	81	26	1420001.5
116	95	75	22	1422501.5
126	91	68	19	1425001.5
117	93	64	26	1427501.5
121	89	70	24	1430001.5
119	82	69	24	1432501.5
106	83	72	22	1435001.5
125	87	81	15	1437501.5
150	104	91	19	1440001.5
145	98	99	20	1442501.5
147	102	100	24	1445001.5
129	102	87	27	1447501.5
96	88	73	19	1450001.5
119	99	80	22	1452501.5
116	93	77	23	1455001.5
135	103	88	27	1457501.5
176	121	104	30	1460001.5
162	121	97	26	1462501.5
166	126	109	27	1465001.5
163	111	105	27	1467501.5
119	87	87	27	1470001.5
132	81	79	28	1472501.5
140	85	76	30	1475001.5
150	102	83	28	1477501.5
195	131	100	26	1480001.5
183	147	104	27	1482501.5
183	140	98	24	1485001.5
181	130	93	20	1487501.5
162	123	86	21	1490001.5
161	109	86	20	1492501.5
152	110	81	18	1495001.5
140	103	72	22	1497501.5
143	90	63	23	1500001.5
151	92	73	23	1502501.5
187	109	83	30	1505001.5
220	136	104	30	1507501.5
211	142	103	32	1510001.5
193	143	97	30	1512501.5
143	112	77	22	1515001.5
117	96	68	21	1517501.5
116	97	79	19	1520001.5
138	101	78	21	1522501.5
187	130	112	26	1525001.5
192	131	109	26	1527501.5
188	128	104	27	1530001.5
185	138	113	32	1532501.5
149	117	95	27	1535001.5
135	106	95	24	1537501.5
131	113	104	19	1540001.5
119	91	89	12	1542501.5
107	92	87	14	1545001.5
121	90	83	18	1547501.5
134	86	74	23	1550001.5
136	93	77	29	1552501.5
171	104	71	37	1555001.5
187	127	87	42	1557501.5
180	126	84	44	1560001.5
158	124	72	35	1562501.5
110	99	60	22	1565001.5
75	76	42	10	1567501.5
76	68	42	6	1570001.5
91	65	56	13	1572501.5
135	92	82	18	1575001.5
179	111	112	27	1577501.5
182	128	126	27	1580001.5
213	150	129	27	1582501.5
210	146	127	29	1585001.5
177	132	104	25	1587501.5
164	115	96	27	1590001.5
161	113	100	29	1592501.5
139	98	89	27	1595001.5
126	92	78	28	1597501.5
134	89	84	22	1600001.5
134	82	91	19	1602501.5
141	100	96	16	1605001.5
168	114	103	20	1607501.5
170	124	89	25	1610001.5
147	117	72	24	1612501.5
168	123	89	30	1615001.5
162	122	101	28	1617501.5
146	106	98	24	1620001.5
163	124	113	26	1622501.5
130	102	87	21	1625001.5
113	84	67	13	1627501.5
120	89	72	19	1630001.5
107	74	60	21	1632501.5
128	92	73	25	1635001.5
172	114	104	40	1637501.5
177	123	104	40	1640001.5
197	133	115	33	1642501.5
198	125	117	36	1645001.5
200	128	110	27	1647501.5
227	142	129	33	1650001.5
219	134	128	37	1652501.5
223	123	126	36	1655001.5
210	129	125	34	1657501.5
182	117	103	23	1660001.5
177	110	98	22	1662501.5
161	115	91	19	1665001.5
129	85	79	18	1667501.5
132	83	78	22	1670001.5
115	75	60	21	1672501.5
135	91	64	25	1675001.5
152	112	66	26	1677501.5
171	124	81	24	1680001.5
190	150	92	36	1682501.5
189	152	94	32	1685001.5
161	132	83	30	1687501.5
126	114	77	32	1690001.5
120	106	77	26	1692501.5
125	113	82	30	1695001.5
153	123	89	30	1697501.5
155	126	78	29	1700001.5
145	114	79	25	1702501.5
105	77	56	21	1705001.5
105	92	69	30	1707501.5
114	90	71	27	1710001.5
126	101	70	27	1712501.5
157	116	89	25	1715001.5
167	111	87	23	1717501.5
204	127	109	28	1720001.5
183	114	111	27	1722501.5
158	109	104	24	1725001.5
149	97	100	25	1727501.5
105	72	74	20	1730001.5
110	76	67	20	1732501.5
152	101	75	27	1735001.5
125	90	63	20	1737501.5
148	119	87	22	1740001.5
151	106	88	17	1742501.5
118	85	78	18	1745001.5
128	81	76	17	1747501.5
115	62	63	15	1750001.5
115	75	62	28	1752501.5
124	83	62	24	1755001.5
125	99	71	26	1757501.5
161	119	81	26	1760001.5
175	135	101	14	1762501.5
165	121	108	13	1765001.5
175	117	109	13	1767501.5
138	99	108	18	1770001.5
139	89	98	24	1772501.5
128	85	83	24	1775001.5
139	96	88	24	1777501.5
153	103	79	19	1780001.5
140	92	66	21	1782501.5
154	97	70	24	1785001.5
182	113	83	28	1787501.5
191	122	88	34	1790001.5
186	125	91	31	1792501.5
175	124	93	26	1795001.5
131	98	70	23	1797501.5
102	74	55	18	1800001.5
110	70	61	16	1802501.5
135	79	74	23	1805001.5
145	90	81	24	1807501.5
146	95	94	25	1810001.5
188	125	114	35	1812501.5
173	126	110	28	1815001.5
171	127	122	32	1817501.5
178	128	124	31	1820001.5
137	105	116	20	1822501.5
137	108	109	20	1825001.5
130	96	91	17	1827501.5
120	84	83	18	1830001.5
131	87	69	18	1832501.5
127	74	69	20	1835001.5
158	97	95	23	1837501.5
169	114	96	20	1840001.5
162	114	97	23	1842501.5
191	135	120	31	1845001.5
165	119	95	25	1847501.5
156	117	93	29	1850001.5
152	111	89	31	1852501.5
126	94	60	30	1855001.5
125	96	65	33	1857501.5
167	108	76	32	1860001.5
175	113	91	27	1862501.5
175	116	100	19	1865001.5
187	112	113	15	1867501.5
174	119	127	21	1870001.5
201	137	135	26	1872501.5
225	154	136	35	1875001.5
208	153	122	37	1877501.5
217	141	122	40	1880001.5
211	129	121	46	1882501.5
204	114	130	39	1885001.5
246	137	149	48	1887501.5
219	137	138	42	1890001.5
183	122	113	34	1892501.5
166	113	90	35	1895001.5
150	90	70	37	1897501.5
137	70	52	32	1900001.5
151	73	71	34	1902501.5
147	75	89	32	1905001.5
135	86	97	24	1907501.5
164	106	115	29	1910001.5
183	127	114	27	1912501.5
180	117	102	28	1915001.5
135	81	74	19	1917501.5
87	51	47	14	1920001.5
35	16	20	11	1922501.5
16	12	14	9	1925001.5
16	13	13	9	1927501.5
42	26	26	9	1930001.5
80	53	44	13	1932501.5
120	69	62	15	1935001.5
147	85	80	22	1937501.5
136	81	77	23	1940001.5
113	67	78	23	1942501.5
87	56	64	22	1945001.5
104	72	69	22	1947501.5
101	67	63	19	1950001.5
119	61	58	14	1952501.5
132	62	56	12	1955001.5
114	38	40	6	1957501.5
119	39	39	6	1960001.5
122	44	49	7	1962501.5
125	54	58	9	1965001.5
132	60	72	14	1967501.5
129	68	77	15	1970001.5
108	67	65	23	1972501.5
120	70	75	31	1975001.5
111	74	66	28	1977501.5
143	92	88	31	1980001.5
186	125	123	52	1982501.5
174	128	129	55	1985001.5
220	150	165	68	1987501.5
230	161	165	75	1990001.5
259	191	174	61	1992501.5
264	207	166	58	1995001.5
249	208	155	59	1997501.5
211	184	139	58	2000001.5
117	105	81	40	2002501.5
78	62	55	28	2005001.5
22	20	17	11	2007501.5
NA	NA	NA	NA	2010001.5
NA	NA	NA	NA	2012501.5
NA	NA	NA	NA	2015001.5
NA	NA	NA	NA	2017501.5
NA	NA	NA	NA	2020001.5
NA	NA	NA	NA	2022501.5
NA	NA	NA	NA	2025001.5
NA	NA	NA	NA	2027501.5
NA	NA	NA	NA	2030001.5
NA	NA	NA	NA	2032501.5
NA	NA	NA	NA	2035001.5
