"S.DRC"	"S.Gambia"	"S.Kenya"	"S.Myanmar"	"position"
NA	NA	NA	NA	5001.5
NA	NA	NA	NA	7501.5
NA	NA	NA	NA	10001.5
NA	NA	NA	NA	12501.5
NA	NA	NA	NA	15001.5
NA	NA	NA	NA	17501.5
NA	NA	NA	NA	20001.5
NA	NA	NA	NA	22501.5
NA	NA	NA	NA	25001.5
NA	NA	NA	NA	27501.5
NA	NA	NA	NA	30001.5
NA	NA	NA	NA	32501.5
NA	NA	NA	NA	35001.5
NA	NA	NA	NA	37501.5
NA	NA	NA	NA	40001.5
NA	NA	NA	NA	42501.5
NA	NA	NA	NA	45001.5
NA	NA	NA	NA	47501.5
NA	NA	NA	NA	50001.5
NA	NA	NA	NA	52501.5
NA	NA	NA	NA	55001.5
NA	NA	NA	NA	57501.5
NA	NA	NA	NA	60001.5
NA	NA	NA	NA	62501.5
NA	NA	NA	NA	65001.5
NA	NA	NA	NA	67501.5
NA	NA	NA	NA	70001.5
NA	NA	NA	NA	72501.5
NA	NA	NA	NA	75001.5
NA	NA	NA	NA	77501.5
NA	NA	NA	NA	80001.5
NA	NA	NA	NA	82501.5
NA	NA	NA	NA	85001.5
NA	NA	NA	NA	87501.5
NA	NA	NA	NA	90001.5
NA	NA	NA	NA	92501.5
NA	NA	NA	NA	95001.5
NA	NA	NA	NA	97501.5
NA	NA	NA	NA	100001.5
7	5	6	5	102501.5
29	33	22	18	105001.5
46	39	34	25	107501.5
64	54	43	29	110001.5
81	62	51	27	112501.5
84	55	53	20	115001.5
106	71	66	21	117501.5
116	70	78	21	120001.5
123	81	83	24	122501.5
120	86	83	25	125001.5
126	98	84	24	127501.5
150	122	89	26	130001.5
167	123	102	31	132501.5
200	127	128	29	135001.5
204	121	135	26	137501.5
199	111	136	27	140001.5
198	112	128	17	142501.5
164	88	98	14	145001.5
171	95	95	13	147501.5
210	112	115	15	150001.5
211	128	119	22	152501.5
227	151	127	25	155001.5
193	135	110	25	157501.5
134	115	84	22	160001.5
99	100	65	16	162501.5
95	90	65	16	165001.5
104	86	68	21	167501.5
107	84	68	19	170001.5
117	79	72	23	172501.5
131	86	74	24	175001.5
137	97	84	22	177501.5
149	99	81	27	180001.5
160	104	89	25	182501.5
148	92	82	29	185001.5
119	84	70	25	187501.5
97	66	66	17	190001.5
132	65	72	28	192501.5
140	74	80	29	195001.5
196	82	96	43	197501.5
207	100	101	47	200001.5
160	87	87	35	202501.5
127	77	71	29	205001.5
99	85	65	29	207501.5
110	97	72	28	210001.5
138	118	86	35	212501.5
161	120	101	36	215001.5
183	122	108	30	217501.5
160	101	102	30	220001.5
133	84	96	23	222501.5
119	90	80	25	225001.5
98	75	71	21	227501.5
100	69	68	21	230001.5
98	68	56	23	232501.5
129	77	82	27	235001.5
157	97	94	30	237501.5
172	112	94	38	240001.5
186	118	103	38	242501.5
159	109	79	28	245001.5
115	84	63	28	247501.5
103	82	58	22	250001.5
114	97	83	25	252501.5
147	105	101	32	255001.5
168	112	100	30	257501.5
175	110	111	28	260001.5
162	86	87	28	262501.5
117	63	70	20	265001.5
83	52	61	14	267501.5
76	51	63	13	270001.5
70	55	64	11	272501.5
115	93	89	29	275001.5
129	98	92	35	277501.5
164	106	95	40	280001.5
173	114	98	44	282501.5
141	96	84	28	285001.5
153	111	107	31	287501.5
118	100	94	27	290001.5
127	104	107	32	292501.5
147	95	107	29	295001.5
163	91	102	22	297501.5
172	83	104	19	300001.5
144	70	73	11	302501.5
134	74	71	13	305001.5
133	67	68	18	307501.5
141	82	78	21	310001.5
178	91	107	16	312501.5
191	97	115	19	315001.5
196	104	123	22	317501.5
213	112	128	30	320001.5
192	117	114	35	322501.5
162	103	102	34	325001.5
152	99	92	30	327501.5
132	108	93	25	330001.5
137	103	98	27	332501.5
165	115	109	31	335001.5
168	128	115	31	337501.5
173	107	111	27	340001.5
180	101	119	23	342501.5
168	94	108	19	345001.5
137	77	91	44	347501.5
115	75	78	48	350001.5
91	71	54	49	352501.5
81	70	56	55	355001.5
95	79	66	29	357501.5
125	91	83	28	360001.5
164	105	109	34	362501.5
165	99	110	29	365001.5
183	95	107	31	367501.5
169	89	102	39	370001.5
144	86	93	37	372501.5
161	94	104	40	375001.5
143	80	107	38	377501.5
141	71	92	30	380001.5
132	65	80	25	382501.5
138	73	75	23	385001.5
141	86	83	26	387501.5
146	101	94	27	390001.5
151	104	100	34	392501.5
128	102	89	30	395001.5
111	88	80	29	397501.5
102	90	74	30	400001.5
84	82	63	23	402501.5
70	70	56	22	405001.5
66	74	45	16	407501.5
73	61	52	15	410001.5
103	71	68	24	412501.5
129	78	73	29	415001.5
142	80	77	35	417501.5
129	76	68	40	420001.5
116	68	58	32	422501.5
131	72	75	36	425001.5
142	75	74	35	427501.5
136	73	69	28	430001.5
128	75	69	31	432501.5
100	69	53	25	435001.5
81	63	50	27	437501.5
93	66	50	27	440001.5
116	66	53	22	442501.5
93	48	40	18	445001.5
106	52	47	14	447501.5
128	62	67	14	450001.5
99	59	57	19	452501.5
118	78	73	22	455001.5
103	75	65	20	457501.5
83	64	53	20	460001.5
98	65	56	16	462501.5
100	68	65	24	465001.5
137	93	82	34	467501.5
140	92	82	35	470001.5
136	86	80	39	472501.5
142	89	81	34	475001.5
120	71	78	27	477501.5
116	75	77	24	480001.5
129	82	81	21	482501.5
146	84	75	25	485001.5
141	82	62	21	487501.5
133	82	55	25	490001.5
122	80	48	25	492501.5
135	103	56	29	495001.5
142	103	74	34	497501.5
177	110	88	34	500001.5
190	120	99	32	502501.5
152	81	82	21	505001.5
167	98	75	20	507501.5
148	100	73	17	510001.5
136	94	78	19	512501.5
174	124	105	26	515001.5
150	105	99	25	517501.5
139	101	93	26	520001.5
141	99	90	21	522501.5
122	78	70	15	525001.5
135	89	78	18	527501.5
127	76	72	18	530001.5
108	69	61	21	532501.5
90	59	61	23	535001.5
88	58	57	18	537501.5
98	73	67	17	540001.5
114	74	75	20	542501.5
125	88	80	23	545001.5
139	86	83	29	547501.5
134	84	81	31	550001.5
120	87	74	30	552501.5
111	87	68	32	555001.5
97	89	68	36	557501.5
107	81	70	33	560001.5
113	80	74	33	562501.5
130	83	75	25	565001.5
134	86	71	18	567501.5
111	86	63	21	570001.5
105	82	56	19	572501.5
91	73	49	18	575001.5
79	65	43	13	577501.5
115	88	60	14	580001.5
119	94	63	13	582501.5
117	96	75	17	585001.5
111	99	75	22	587501.5
89	81	61	18	590001.5
118	95	70	25	592501.5
126	100	70	31	595001.5
124	103	73	33	597501.5
108	98	66	33	600001.5
91	92	65	25	602501.5
83	90	57	25	605001.5
84	81	53	20	607501.5
89	84	59	20	610001.5
67	69	49	21	612501.5
67	68	51	18	615001.5
60	62	46	16	617501.5
61	69	45	20	620001.5
75	75	51	25	622501.5
76	71	49	18	625001.5
74	75	56	25	627501.5
62	59	45	23	630001.5
61	65	45	20	632501.5
51	56	43	24	635001.5
67	59	49	20	637501.5
73	62	56	21	640001.5
68	58	54	21	642501.5
80	64	56	23	645001.5
86	70	51	26	647501.5
87	71	56	22	650001.5
89	68	55	26	652501.5
83	64	50	24	655001.5
75	64	48	22	657501.5
110	72	57	30	660001.5
131	89	65	27	662501.5
145	106	86	22	665001.5
161	104	90	23	667501.5
165	114	84	24	670001.5
161	108	88	23	672501.5
168	115	81	30	675001.5
174	127	94	31	677501.5
178	125	102	28	680001.5
157	117	89	30	682501.5
137	99	76	29	685001.5
122	81	58	25	687501.5
112	91	62	28	690001.5
133	102	72	28	692501.5
141	108	86	24	695001.5
153	113	101	26	697501.5
140	90	85	24	700001.5
127	83	77	21	702501.5
122	87	67	32	705001.5
117	96	61	32	707501.5
121	104	75	33	710001.5
111	99	72	36	712501.5
119	94	81	27	715001.5
105	85	81	31	717501.5
92	86	69	22	720001.5
119	95	85	22	722501.5
116	96	75	26	725001.5
133	102	83	23	727501.5
142	95	83	27	730001.5
147	94	91	27	732501.5
152	95	95	21	735001.5
142	94	89	21	737501.5
168	115	96	23	740001.5
150	113	77	18	742501.5
148	111	83	23	745001.5
153	105	73	23	747501.5
111	72	56	17	750001.5
122	88	75	17	752501.5
115	95	66	12	755001.5
137	116	86	22	757501.5
151	131	99	29	760001.5
154	126	100	31	762501.5
158	126	109	33	765001.5
137	106	94	23	767501.5
130	109	89	21	770001.5
112	96	74	18	772501.5
125	89	76	22	775001.5
119	87	78	23	777501.5
131	91	90	25	780001.5
140	90	100	31	782501.5
137	91	94	28	785001.5
125	91	92	27	787501.5
103	78	76	25	790001.5
83	67	57	21	792501.5
78	67	60	23	795001.5
99	71	74	23	797501.5
104	63	78	21	800001.5
121	80	93	26	802501.5
110	68	93	23	805001.5
83	50	72	19	807501.5
81	62	71	20	810001.5
66	49	64	19	812501.5
65	54	59	19	815001.5
93	81	80	23	817501.5
102	78	87	27	820001.5
103	81	81	25	822501.5
116	98	107	33	825001.5
99	78	102	33	827501.5
106	95	110	33	830001.5
125	106	120	39	832501.5
117	97	95	38	835001.5
132	119	104	63	837501.5
127	106	102	74	840001.5
148	128	132	99	842501.5
179	150	154	108	845001.5
176	139	152	107	847501.5
170	139	144	94	850001.5
170	132	138	79	852501.5
170	147	155	90	855001.5
195	169	162	82	857501.5
174	149	144	75	860001.5
119	108	99	54	862501.5
61	47	41	22	865001.5
NA	NA	NA	NA	867501.5
NA	NA	NA	NA	870001.5
NA	NA	NA	NA	872501.5
NA	NA	NA	NA	875001.5
NA	NA	NA	NA	877501.5
NA	NA	NA	NA	880001.5
NA	NA	NA	NA	882501.5
NA	NA	NA	NA	885001.5
NA	NA	NA	NA	887501.5
NA	NA	NA	NA	890001.5
NA	NA	NA	NA	892501.5
NA	NA	NA	NA	895001.5
NA	NA	NA	NA	897501.5
NA	NA	NA	NA	900001.5
NA	NA	NA	NA	902501.5
NA	NA	NA	NA	905001.5
NA	NA	NA	NA	907501.5
NA	NA	NA	NA	910001.5
NA	NA	NA	NA	912501.5
NA	NA	NA	NA	915001.5
NA	NA	NA	NA	917501.5
NA	NA	NA	NA	920001.5
NA	NA	NA	NA	922501.5
NA	NA	NA	NA	925001.5
NA	NA	NA	NA	927501.5
NA	NA	NA	NA	930001.5
NA	NA	NA	NA	932501.5
NA	NA	NA	NA	935001.5
NA	NA	NA	NA	937501.5
NA	NA	NA	NA	940001.5
NA	NA	NA	NA	942501.5
NA	NA	NA	NA	945001.5
NA	NA	NA	NA	947501.5
NA	NA	NA	NA	950001.5
NA	NA	NA	NA	952501.5
NA	NA	NA	NA	955001.5
NA	NA	NA	NA	957501.5
NA	NA	NA	NA	960001.5
NA	NA	NA	NA	962501.5
NA	NA	NA	NA	965001.5
NA	NA	NA	NA	967501.5
NA	NA	NA	NA	970001.5
NA	NA	NA	NA	972501.5
NA	NA	NA	NA	975001.5
NA	NA	NA	NA	977501.5
NA	NA	NA	NA	980001.5
NA	NA	NA	NA	982501.5
NA	NA	NA	NA	985001.5
NA	NA	NA	NA	987501.5
NA	NA	NA	NA	990001.5
NA	NA	NA	NA	992501.5
NA	NA	NA	NA	995001.5
